2.081277222454325226e-02 8.385416079759921981e-02
8.432425351904138111e-02 3.947234561314258428e-02
1.044160861052301215e-01 2.386935322346595001e-02
4.691933391441582835e-01 2.350231924082378798e-01
5.194943611531055438e-01 2.609136337208399770e-01
5.598158611418546649e-01 3.250949713778382710e-01
6.654653527735088225e-01 4.309240060900150215e-01
6.660630061731676044e-01 5.009999131199814881e-01
7.348418523783539769e-01 3.939603737293575492e-01
7.456361928446009202e-01 4.814926568704151477e-01
8.538715404407759557e-01 4.634945690811999031e-01
9.808287151067518472e-01 6.181598550894213950e-01
1.047751758496240360e+00 6.059983177431365053e-01
1.138530090738321121e+00 5.886781704050643160e-01
1.309726147116363482e+00 7.826681514275624085e-01
1.991488001419450260e+00 9.159277553580040809e-01
2.291501453444777514e+00 9.924149296509963136e-01
2.299540367243180228e+00 9.608330284376752628e-01
2.379685898839933866e+00 1.002971457844909375e+00
2.385084277960547450e+00 1.015471031194012053e+00
2.431381567301671431e+00 1.138210045716177454e+00
2.459477647851060489e+00 1.013095766553656629e+00
2.467926767827011147e+00 9.975283129132720417e-01
2.710017549261678482e+00 1.017502132684761307e+00
2.725474445967535075e+00 1.004584626655864676e+00
2.751345114797720814e+00 9.576725518862752029e-01
2.831206605085545558e+00 9.852654342054342207e-01
2.835694367214824929e+00 1.022877852879458205e+00
2.928006688164808136e+00 1.037199303346394208e+00
2.979290794994482461e+00 1.040013383289765558e+00
2.987368948904922661e+00 9.079421911643030807e-01
3.072978676508097973e+00 9.329292308571347503e-01
3.089621231881467533e+00 9.263545284494010268e-01
3.168016954817065578e+00 9.068103771357566290e-01
3.247908215717765223e+00 8.413177483958172997e-01
3.248569391787592409e+00 8.298508845652213806e-01
3.523389152688916059e+00 7.855665719446163209e-01
3.616590311210410302e+00 7.445544608171789092e-01
3.689928280858612020e+00 8.557654310829648781e-01
3.742349828826596614e+00 8.557476876713967506e-01
3.753930376535097313e+00 7.543748252880135841e-01
3.758873270167395475e+00 6.593743182775044787e-01
3.931403599792748782e+00 6.566490785906605732e-01
4.143770569702498463e+00 4.886104325918319002e-01
4.266602380754269674e+00 4.907586027194231759e-01
4.431016881604010749e+00 3.278456299136091046e-01
4.471368794473685071e+00 3.445994215133933447e-01
4.493344612310679054e+00 3.294415843054146475e-01
4.678236438398664099e+00 2.324640637070270466e-01
4.689565152367880074e+00 1.565738166493095829e-01
4.766960010564624817e+00 2.603072147445149032e-01
4.914882474309322902e+00 9.078747574619075444e-02
5.013958980741472615e+00 6.229060628712982522e-02
5.272899348607595904e+00 -1.780792338528486840e-01
5.301888920372599401e+00 -2.061383293984305476e-01
5.371854937208020431e+00 -2.625346201810219160e-01
5.373908027633190088e+00 -3.213546304605077730e-01
5.436948258541574042e+00 -3.716974672980932204e-01
5.557203649982400684e+00 -3.637280796222231993e-01
5.579145343333314244e+00 -4.045566475857299560e-01
5.676034964545351613e+00 -4.920481335964702052e-01
5.809296150025177852e+00 -4.522299967699520140e-01
5.843809882145334811e+00 -4.379428449609673035e-01
5.920620060393899209e+00 -5.185235411069440969e-01
6.430144428587658112e+00 -7.451489887976775472e-01
6.439937763620906530e+00 -6.886638180938748910e-01
6.481608087772650073e+00 -7.965776360359221320e-01
6.805418878729274645e+00 -9.391326217754989436e-01
6.941929741837860490e+00 -8.647934928296469037e-01
7.052792923504958011e+00 -9.094979623075541975e-01
7.056697228135632827e+00 -9.255595760160876262e-01
7.066507961630009049e+00 -1.001489618978678608e+00
7.084410176829802452e+00 -9.076436179338702726e-01
7.244131616897176329e+00 -1.052548780220637470e+00
7.258301797807675371e+00 -1.071352124687980911e+00
7.343811749572948244e+00 -9.303833620642889546e-01
7.376740309737828127e+00 -1.046767368511148044e+00
7.459794138352926041e+00 -9.686174364381687774e-01
7.671641683396302369e+00 -9.819815021881839190e-01
7.762041878928160443e+00 -9.275605901605569192e-01
7.875892497757797095e+00 -9.516577524537173094e-01
7.897235630406673756e+00 -8.976888801326741163e-01
7.967664611094315674e+00 -1.086248634634176646e+00
8.058051749226846638e+00 -9.496561960098507393e-01
8.249566178042833542e+00 -8.847025119098551604e-01
8.847463701158609695e+00 -6.820021582409896421e-01
9.022214349833735270e+00 -6.263210806033961964e-01
9.274412021111510640e+00 -3.868938354902231591e-01
9.460411996418571334e+00 -2.430949366736773198e-01
9.462290442277565106e+00 -2.942102800750279190e-01
9.725559307469167081e+00 -1.934216743375022085e-01
9.803925445569250385e+00 -1.429675573582542825e-01
9.852917415135742374e+00 -1.838500924294338978e-01
9.925408894559840434e+00 -6.922076867818340029e-02
9.937238233268319121e+00 -3.691445308139859605e-02
1.000656234004597778e+01 3.869359321341821895e-02
1.014207853368427337e+01 1.625921746945506174e-01
1.015810463569174438e+01 9.980818294390386702e-02
1.048034489661822022e+01 2.353305913349968137e-01
1.049624534506999929e+01 1.892040595047619067e-01
1.059395699745666519e+01 3.572776178480567277e-01
1.060712933876054542e+01 3.913858470004459855e-01
1.065393692656985181e+01 4.742064936154778421e-01
1.075307808821314204e+01 4.109713975440347777e-01
1.075555899285550687e+01 5.294649054507044594e-01
1.087989109421055822e+01 5.310513403271067689e-01
1.094375430716565489e+01 4.882520888574852780e-01
1.104752858745410293e+01 6.587017000493100571e-01
1.107095291781564583e+01 6.604401712778871225e-01
1.124890064691060942e+01 7.372189312132310102e-01
1.137266393821030341e+01 7.204372726901345780e-01
1.146011095106579347e+01 8.797996425154130939e-01
1.152512167401409471e+01 8.635505732580843752e-01
1.163619831121558335e+01 8.848223952179229412e-01
1.173707087775089875e+01 8.513971594897429274e-01
1.174275790751109128e+01 9.065686988379354494e-01
1.186030785064331461e+01 8.798910624550173587e-01
1.201968031055064046e+01 9.433055770653570038e-01
1.205184620498571668e+01 9.499714603103569521e-01
1.213436751766665544e+01 9.708200878526708211e-01
1.216425339464367639e+01 9.140210025620163492e-01
1.223959346166224549e+01 9.624223892540225700e-01
1.236393511307265491e+01 1.015123005169971560e+00
1.248215216597002808e+01 1.053380342332934649e+00
1.255976255162805089e+01 9.502875705246383031e-01
1.257656921825070029e+01 9.952929667553157556e-01
1.268595468743359866e+01 1.026285256450261141e+00
1.270729659726194072e+01 9.965557796219179920e-01
1.284661999335930993e+01 1.005974929130983631e+00
1.292658560095941667e+01 9.439850054258785983e-01
1.311517086042134395e+01 1.006648424589936530e+00
1.323191500241701668e+01 8.464877698294303032e-01
1.338904504165421372e+01 7.878058376634569093e-01
1.346180718190433900e+01 8.095611405149033546e-01
1.357430596964044334e+01 7.521538613568978793e-01
1.363431143444417870e+01 7.440758240794914657e-01
1.377497929722820658e+01 6.081336165749327005e-01
1.379394272336370619e+01 6.840481788538245178e-01
1.383102700643905614e+01 7.076568960475394521e-01
1.390896374594271556e+01 7.144107406572284269e-01
1.391592492919055957e+01 5.954016770894998700e-01
1.399153692743617583e+01 5.415810950081716424e-01
1.405902401830248039e+01 5.684003629823136672e-01
1.414950971474412356e+01 3.903007269506706955e-01
1.419002398803326237e+01 4.951419159105922563e-01
1.425169619892580108e+01 4.751730445978002426e-01
1.430837206258949124e+01 4.743695653990727124e-01
1.457635122588722965e+01 3.046377882947183258e-01
1.481282508721717406e+01 8.256418323307029850e-02
1.487083471593539841e+01 1.725023873957503284e-01
1.490119918581038760e+01 -4.880981403085911385e-03
1.523839008285208152e+01 -7.629268920171514146e-02
1.541977810536661053e+01 -2.728360099183315679e-01
1.549958961716036931e+01 -3.544910209677381019e-01
1.556092327085177907e+01 -3.699939284531780226e-01
1.568623490409225596e+01 -4.879215577115788571e-01
1.583514460911434796e+01 -5.783710986339984927e-01
1.621733446080244789e+01 -7.592433069293569314e-01
1.623943832333105775e+01 -6.933779025530946161e-01
1.656320620590152615e+01 -8.919980823581473706e-01
1.674317533347746689e+01 -8.315850799511874669e-01
1.679680622771352461e+01 -9.852800771625238596e-01
1.682451208280386723e+01 -1.052583741207787638e+00
1.695767277438239162e+01 -9.495574477285672055e-01
1.699455215512115558e+01 -9.622631404516071019e-01
1.705827703937171691e+01 -1.031040971253744054e+00
1.719978616086077494e+01 -9.509904463836634791e-01
1.734720480921752994e+01 -9.824809998847173764e-01
1.743532486824015493e+01 -1.124755790123223020e+00
1.753934753333881247e+01 -9.980722803916822761e-01
1.756640451801573377e+01 -9.783030510315394723e-01
1.759811029845166530e+01 -9.884746276037521540e-01
1.774201069773784312e+01 -9.400926090835299842e-01
1.792364586444478292e+01 -9.630666345380181070e-01
1.795716946398399116e+01 -9.889938235370782094e-01
1.808305747854187473e+01 -9.505029568033526166e-01
1.808742137293258878e+01 -8.952052568109704067e-01
1.810933770286430189e+01 -9.416825972286771984e-01
1.825875880111805927e+01 -8.911722847872428632e-01
1.835116280717528170e+01 -9.265589020063268455e-01
1.851509542844056355e+01 -7.880636643946873354e-01
1.853075653893344565e+01 -8.848854199590833192e-01
1.854244636135352664e+01 -7.411037339815976788e-01
1.862424470806572785e+01 -7.848257936457238015e-01
1.885181372109870779e+01 -6.437053968759784972e-01
1.889842027516391809e+01 -6.537745247113448954e-01
1.891086660633091299e+01 -6.968564008668503007e-01
1.896322926975316747e+01 -6.821481469159305089e-01
1.904527891713667742e+01 -4.957766365657316765e-01
1.920750157253402435e+01 -4.221613585678217762e-01
1.948582130622653708e+01 -3.072904325722848329e-01
1.951325550459877078e+01 -2.861456887891763445e-01
1.959820897152603081e+01 -2.233693581799303662e-01
1.988823011650828931e+01 3.292421558729724529e-02
2.031676406605319585e+01 1.647641926202355056e-01
2.046048783151983486e+01 3.218172462125057920e-01
2.046657202936003017e+01 2.439111190166134702e-01
2.047925038486991767e+01 3.388489989292797766e-01
2.048852620414294279e+01 3.005140442125476818e-01
2.055646483183830497e+01 3.628052619572262327e-01
2.055811632596863348e+01 2.674848954435574133e-01
2.084615973172721937e+01 5.599434332567819750e-01
2.085535559107494308e+01 4.674780982276841579e-01
2.085699217668783945e+01 4.559343672401655612e-01
2.107927245264654559e+01 6.095036194539444896e-01
2.119464083357695117e+01 7.325568038999025200e-01
2.125828556972092542e+01 7.026470856355306882e-01
2.126121743094208227e+01 7.324314540789333972e-01
2.126249398095991694e+01 6.425734246369642078e-01
2.128905077348435171e+01 7.235746221816733437e-01
2.136182214929682743e+01 7.159271568632925575e-01
2.138971462224795772e+01 7.817836395762582935e-01
2.163457469153475898e+01 7.907596099146585455e-01
2.169486649373901699e+01 7.914279660844004693e-01
2.173422941636744454e+01 9.361507789635402643e-01
2.175111973671642929e+01 8.901052067559803715e-01
2.179323987423633469e+01 8.641181063283193131e-01
2.196759164718179491e+01 9.744716403138431460e-01
2.215321563042582653e+01 9.758830472904785891e-01
2.217346189972826309e+01 1.038836076917787565e+00
2.227152151116562706e+01 9.451297585575183513e-01
2.246918164122563155e+01 9.991420804572385128e-01
2.255681362034707149e+01 1.036912462786806266e+00
2.259916172649246846e+01 1.003078309719957151e+00
2.267375671400547787e+01 1.037658763329408096e+00
2.271348444539764699e+01 1.009482954528684528e+00
2.273420060409126009e+01 9.983664621564252162e-01
2.278357790674605354e+01 1.018309425224688480e+00
2.291369053459762029e+01 9.600302396773917613e-01
2.295936386757062664e+01 9.560296515585134935e-01
2.298385476458051357e+01 9.223242271019354011e-01
2.300630779443495300e+01 9.317717050329589190e-01
2.302974744254555617e+01 1.007034195788721664e+00
2.310394273750218019e+01 8.700369968965098177e-01
2.329850996685427589e+01 9.243656879421702222e-01
2.333534847264721179e+01 9.485237680943412464e-01
2.337506884411746455e+01 9.506744636806823134e-01
2.353236859922332869e+01 8.350509263907966995e-01
2.357946783430954341e+01 7.858113304931797494e-01
2.366758914408715242e+01 7.145104661867114348e-01
2.369052794688469987e+01 7.241737336584240792e-01
2.372431739373279669e+01 7.443900800191264322e-01
2.399984165861256358e+01 6.600941282063992332e-01
2.402550609200899601e+01 5.583486707624232270e-01
2.413729443646953499e+01 5.311181793503136905e-01
2.424835600758652276e+01 5.363358368209891758e-01
2.428923216354759163e+01 4.239204090214430676e-01
2.443390370548176449e+01 3.467623174180681223e-01
2.445031647929166851e+01 3.630592792044775030e-01
2.450287983776300393e+01 2.594468665185506451e-01
2.461588565040971943e+01 2.183858317060121956e-01
2.480960395188701639e+01 6.506161561758239120e-02
2.508096537176901464e+01 6.922186436632449258e-03
2.511192370103952953e+01 -1.311581266992979111e-01
2.540254271677249065e+01 -2.810298554908719493e-01
2.549584188283480302e+01 -2.805574799533047670e-01
2.551982736288951514e+01 -3.418137934506670361e-01
2.565224777688543867e+01 -3.991754839728756665e-01
2.570084708583322453e+01 -3.568635492768345019e-01
2.574431849180770371e+01 -3.451217660112734786e-01
2.581614206910792930e+01 -4.088485904933769066e-01
2.590636945084600029e+01 -5.237789161873078747e-01
2.590851644459888448e+01 -4.578572542135255774e-01
2.615227061910673356e+01 -6.856229446390276205e-01
2.627906292585995374e+01 -6.783319696173176760e-01
2.637050665147008388e+01 -8.607932809471572355e-01
2.649389230156670294e+01 -8.604883296653840219e-01
2.660521726663196418e+01 -8.782709794792162850e-01
2.664885462771935210e+01 -9.219163046189002841e-01
2.673532392036721461e+01 -9.128201174664044570e-01
2.679512820506262472e+01 -9.666884933062226404e-01
2.684977590751764609e+01 -9.360497273161475507e-01
2.684998676111979421e+01 -9.396745210004793236e-01
2.700305259474284725e+01 -9.323800838050561035e-01
2.701253578571846248e+01 -8.971478474703863393e-01
2.713181468936077678e+01 -9.497261401805406900e-01
2.715480847048734603e+01 -1.010703397665971170e+00
2.724484582937358823e+01 -9.463596282707410490e-01
2.734607934376660410e+01 -1.009293958013286474e+00
2.735057795151829652e+01 -1.068048926751668848e+00
2.741847798372436529e+01 -1.040588136152558407e+00
2.748158302630716676e+01 -1.013805726199831891e+00
2.753223331000339513e+01 -1.047110218729466080e+00
2.756560070772250270e+01 -9.738192843926954945e-01
2.763619302650412024e+01 -1.024219825148692919e+00
2.767103834895706527e+01 -9.680282291747011048e-01
2.767251360972603536e+01 -9.877476221229821718e-01
2.785450888625008403e+01 -9.485515148108670802e-01
2.823720728927319357e+01 -9.434158336660601885e-01
2.826720191173189889e+01 -9.145592591847986341e-01
2.834862875932259030e+01 -8.670391988123065108e-01
2.847620950295779352e+01 -7.987200579962143721e-01
2.858370759342633249e+01 -8.464676232863515004e-01
2.866960404931608863e+01 -7.936564431395403130e-01
2.877544702363003992e+01 -6.636768040566971560e-01
2.879779432256590610e+01 -6.893248973081487208e-01
2.888898522446197248e+01 -6.578326292904546069e-01
2.893527708407811616e+01 -5.994824638362674651e-01
2.896689681140302142e+01 -6.243661084258651517e-01
2.900469509039105276e+01 -5.900058473363768430e-01
2.903887275406577118e+01 -6.245580899824759724e-01
2.935390396884516306e+01 -3.985731846249241372e-01
2.956996583448138338e+01 -3.250059796060755235e-01
2.968109456174555660e+01 -2.229373251447214765e-01
2.971957096756126049e+01 -1.940238089332232407e-01
2.995107756486926576e+01 1.626694469194002457e-02
3.005248121065410416e+01 7.732238450532037677e-02
3.025236058380159676e+01 2.482369327445447804e-01
3.041602743797661290e+01 3.107938422795896161e-01
3.046303306941378253e+01 2.193157969622814285e-01
3.097349846169893439e+01 5.834028798372311586e-01
3.099136696840258764e+01 5.875173702447891166e-01
3.119854855363727353e+01 6.036557807729954206e-01
3.124089927152178348e+01 7.440167550720364620e-01
3.128446361499877071e+01 8.005656551435248458e-01
3.137202151351110757e+01 7.951360054999729865e-01
3.142174421926032934e+01 6.889997716941878014e-01
3.166470074269036417e+01 9.745041688607911645e-01
3.196208286367442497e+01 9.833452001572753343e-01
3.203441111690165144e+01 9.307756615999062122e-01
3.204151219945210727e+01 9.958866238039704166e-01
3.221495263153594379e+01 9.601951526254535185e-01
3.233380915417113499e+01 9.714920269542716147e-01
3.239800363528699734e+01 9.226643264923805043e-01
3.268506252850787064e+01 9.763246283753597154e-01
3.274223390565364156e+01 1.018072123706065923e+00
3.279228719446031448e+01 9.482351936156855343e-01
3.280642284566113176e+01 8.528806008392999516e-01
3.287033058283116560e+01 1.023378355680975460e+00
3.309648512066910797e+01 9.742112196403190927e-01
3.310500896057316567e+01 9.594996721567646825e-01
3.312862503356575417e+01 9.550479480637524832e-01
3.323460068967472836e+01 8.926770605778127088e-01
3.342827450575115478e+01 8.241125666044578635e-01
3.358172510508941144e+01 7.700717642174106370e-01
3.360344129337098451e+01 7.339945659664482980e-01
3.362217096190553178e+01 7.905535308793727456e-01
3.385034635167908590e+01 7.032543259963029980e-01
3.387373028805090769e+01 6.618320368683386912e-01
3.397308588281544672e+01 5.762082295977521973e-01
3.413267709464233945e+01 6.037696142221429252e-01
3.426556765338241917e+01 3.965227127138948870e-01
3.452223860185586091e+01 2.392684643763870467e-01
3.467883379377200015e+01 1.892939672473999968e-01
3.521331943652099739e+01 -9.030653972946928176e-02
3.539162417681066586e+01 -2.396097588964606340e-01
3.542461940268027831e+01 -2.300257393385874705e-01
3.545556121706473363e+01 -2.451384260004445537e-01
3.571855301048974951e+01 -6.180060622904488543e-01
3.572128582685043341e+01 -3.352721627695190443e-01
3.587519074737407720e+01 -5.575385188695157757e-01
3.600465920593413927e+01 -5.508100575171950286e-01
3.623913639368488049e+01 -7.542210887879167158e-01
3.632700301294453737e+01 -7.327538359633276599e-01
3.644754423089536033e+01 -7.871569213855198477e-01
3.646878987240344117e+01 -8.108246075149312393e-01
3.649188601926690723e+01 -8.650855926293576914e-01
3.657799937354819519e+01 -8.152997456913012586e-01
3.658360963537181476e+01 -9.100594181608575584e-01
3.663505116202634326e+01 -8.546971374488426809e-01
3.668449554499403575e+01 -9.734567100318424204e-01
3.674775658795395827e+01 -9.783273647162347153e-01
3.681739865228558273e+01 -9.293076515480869215e-01
3.682399028606327818e+01 -9.632363356411146604e-01
3.696380191752523103e+01 -9.617930538581712652e-01
3.742475853535967900e+01 -1.007790545293622442e+00
3.743395314495840864e+01 -9.956608532417656754e-01
3.767612599864775547e+01 -1.042007141000818482e+00
3.815049926945934544e+01 -9.552099045497036700e-01
3.836988198792482763e+01 -8.431004765551182167e-01
3.853291734804682278e+01 -7.852885683155776952e-01
3.872654123799526360e+01 -8.092455820842032743e-01
3.880965755560195873e+01 -6.493111419634736148e-01
3.891110849678918271e+01 -6.718642779854520075e-01
3.893384824855772308e+01 -6.310741641785522216e-01
3.894789996565440759e+01 -6.016985699997443593e-01
3.898938491276140184e+01 -6.906694305899901964e-01
3.927023071073543292e+01 -4.405193437674544965e-01
3.954446908712119324e+01 -2.278658621821368080e-01
3.968532692746482837e+01 -1.894586736165249363e-01
3.976064072330871824e+01 -1.136273150505432983e-01
3.980748972808341080e+01 -7.906346999228153205e-02
3.993876847863788981e+01 -7.402028326488953314e-02
3.997553340241925923e+01 9.290267994942619234e-03
4.037375352202717949e+01 2.162629027086418465e-01
4.043978700520096936e+01 3.306034274576906684e-01
4.060318467734907699e+01 3.117477966645528231e-01
4.061969642294847205e+01 3.906333393514769270e-01
4.063817161033392011e+01 3.956109222761215460e-01
4.072068887558647532e+01 4.782254046014668414e-01
4.072406878818750897e+01 5.734979166780864723e-01
4.076439384205715299e+01 4.666661841352338636e-01
4.093332042806139270e+01 5.923146313193158319e-01
4.099774504244771123e+01 5.646878559033566836e-01
4.118199899493652083e+01 7.139993887526583372e-01
4.133111922566260432e+01 7.876849925962149390e-01
4.140508382158570555e+01 7.506241832693040239e-01
4.143843409854085280e+01 7.097725152414302574e-01
4.144007525663052860e+01 8.579035610091531039e-01
4.170121584857366059e+01 8.389495248008687067e-01
4.174089316219513535e+01 9.341168411472646760e-01
4.179354100864625110e+01 8.663894580423729952e-01
4.185976158446666062e+01 8.871601754262449235e-01
4.204788164649503557e+01 8.857964628408553365e-01
4.235400352401512691e+01 9.782847145953958989e-01
4.242976009583087915e+01 1.042478660571416027e+00
4.245757138408154674e+01 1.039489819403188520e+00
4.253446177810427997e+01 1.023848869117433669e+00
4.257520146119993143e+01 1.017161812221494266e+00
4.261825222503847499e+01 9.447009917904540810e-01
4.263681349438292756e+01 1.109653256871967697e+00
4.264395484391955904e+01 9.524664884561057088e-01
4.269578967618033971e+01 9.118160855045138735e-01
4.282162088172214709e+01 9.861473255963777440e-01
4.295670044829941503e+01 9.756347721018728825e-01
4.297688032510728107e+01 9.675393947098074321e-01
4.309850472267163468e+01 9.060831509481053203e-01
4.321984150067693520e+01 8.775018415484353573e-01
4.333602874564957119e+01 9.056795090423888084e-01
4.336541872357301486e+01 7.349941032271340990e-01
4.340737354001000625e+01 8.947316561728586581e-01
4.344564020170441410e+01 9.504390631041799153e-01
4.358357719722313561e+01 7.519182601727373294e-01
4.359227005083874218e+01 7.364858913460151646e-01
4.364743454671556577e+01 7.130239645153649830e-01
4.371675192828769951e+01 7.573915113405202959e-01
4.373714631709015777e+01 6.613520425537671166e-01
4.380666765788653549e+01 6.719207941503296810e-01
4.385975206896524980e+01 5.649218724788032109e-01
4.390401210904990847e+01 5.705639140931656472e-01
4.402249059862022307e+01 5.345775269119374951e-01
4.413055833070197309e+01 4.965630128499141094e-01
4.418943182406120940e+01 5.707590956639160273e-01
4.419881218211958185e+01 5.226278261934141911e-01
4.437292660002978550e+01 3.654850172800221952e-01
4.443307508942774575e+01 3.738803853663675292e-01
4.445368892983919551e+01 2.599302286302704323e-01
4.487492220492440254e+01 1.527017887550991271e-01
4.489890689429130077e+01 2.768470677773815503e-02
4.504718257977111762e+01 4.247191736068399448e-02
4.509088906984938205e+01 -5.320067789150047938e-02
4.517229604918043862e+01 -1.015130756721382560e-01
4.544326095321066106e+01 -1.128727278875477358e-01
4.545605624526639588e+01 -2.877649820118726165e-01
4.558167429344132415e+01 -3.759273665610717297e-01
4.588966955370034384e+01 -4.969184511996370124e-01
4.593895125472231200e+01 -6.011968010148350805e-01
4.620504066224707884e+01 -7.416819541110123426e-01
4.623736024019407154e+01 -6.580432401540653453e-01
4.644902712740049822e+01 -7.336455441208185047e-01
4.658925717819541035e+01 -8.502333291349154498e-01
4.659596457020113291e+01 -8.550537919079955751e-01
4.674682481684332203e+01 -9.111783857444493151e-01
4.689879633053545405e+01 -8.960751737187100385e-01
4.705515402844802964e+01 -9.016038999432773871e-01
4.707421985148393162e+01 -8.375897741666704643e-01
4.726718397607737643e+01 -9.433512904462867388e-01
4.737446427968782103e+01 -1.038436687381719681e+00
4.744123279125400927e+01 -1.029434515883516532e+00
4.745973995103634024e+01 -9.851427352253228076e-01
4.756282705806484756e+01 -1.042857838727625719e+00
4.782200902058381331e+01 -1.007886808069814677e+00
4.787046597283988092e+01 -9.695867085770052407e-01
4.797916365550312179e+01 -9.735062136128880272e-01
4.800391410393458358e+01 -9.403633538969899952e-01
4.800872450329566021e+01 -8.883594482595270625e-01
4.817822870255403700e+01 -8.741056266570879085e-01
4.831382608195073658e+01 -9.407465953805096426e-01
4.833827543608703081e+01 -8.833236597826787939e-01
4.834298140592386517e+01 -8.668573920628394047e-01
4.835652902728505609e+01 -8.623576574106268655e-01
4.836191221878032565e+01 -7.862576699573042838e-01
4.837543391238784096e+01 -8.339542406575312095e-01
4.839953475365663849e+01 -8.332639914190481667e-01
4.849681335294604168e+01 -7.127813863900622771e-01
4.850478604186058362e+01 -8.231645575090392741e-01
4.862746257472405631e+01 -8.486041411603307827e-01
4.880304766327584787e+01 -6.536903268211030626e-01
4.939128243657629724e+01 -3.607571295965598668e-01
4.944693238490663845e+01 -3.150817224012904538e-01
4.950339119829671120e+01 -3.487802559613101816e-01
4.953651563456185869e+01 -2.310773487726353881e-01
4.957777563409217692e+01 -3.078370564244707897e-01
4.971391582491466465e+01 -2.223802585915275187e-01
4.973909177276559035e+01 -1.787683361048257036e-01
4.976270034916462492e+01 -6.478093812357038628e-02
4.977557340579033962e+01 -1.882788262497643861e-01
4.981754146946224182e+01 -1.378394760880830017e-01
4.984108205398531055e+01 -8.041763165729998164e-02
4.985913746553026726e+01 -5.992225508387215294e-02
4.987985932949380441e+01 -1.365918768659582228e-01
4.997453916151991393e+01 1.963605410572798193e-03
5.000949513894935450e+01 -5.308061662482350257e-02
5.009461035139247542e+01 4.723386062445143058e-02
5.010926364432059898e+01 8.293677383019473770e-02
5.036915567451697484e+01 3.196457190446235774e-01
5.043975529329338769e+01 2.210659484143223663e-01
5.065614875235691272e+01 3.596576495867679912e-01
5.087499017914367272e+01 5.925990370356022385e-01
5.087541692357470424e+01 5.220560864166218229e-01
5.091652256474669258e+01 5.894457975708065067e-01
5.103880524021400333e+01 6.636036861117878827e-01
5.118379911123427206e+01 6.851058270041121556e-01
5.127530286733534837e+01 6.582855844552628621e-01
5.128815200946730357e+01 7.555918536309654820e-01
5.134120092968424842e+01 8.162073063647928839e-01
5.140574481105463178e+01 7.701231569610267336e-01
5.144760062575268478e+01 7.820775396632522192e-01
5.178704234575517518e+01 9.014362567265306048e-01
5.218609654290661126e+01 9.746878537477597915e-01
5.218625460725561993e+01 1.016111622604133569e+00
5.232689282819333698e+01 8.877998777256866925e-01
5.259894773374097809e+01 9.114355174322089637e-01
5.260527490736367184e+01 1.001830146043747316e+00
5.289281085998878496e+01 9.562982429626688541e-01
5.302690170036024853e+01 1.030183439231942000e+00
5.304316630726317783e+01 9.703779613480807420e-01
5.310812600459223631e+01 9.465774922849511386e-01
5.312048069163882502e+01 9.274811743625931415e-01
5.329479463747011181e+01 8.872717527330170606e-01
5.337629068861274106e+01 7.309119525887525226e-01
5.338193991834294394e+01 8.518171253277866395e-01
5.342849912115087108e+01 8.779186933828195816e-01
5.378006685196291414e+01 6.623324150703745472e-01
5.379938191794862234e+01 7.252458578447233961e-01
5.390470374365013839e+01 6.820548274449236281e-01
5.391843409347789873e+01 6.015188837311631342e-01
5.406981749633047230e+01 5.399425542977762671e-01
5.436061916127494698e+01 4.059552599571196740e-01
5.444180608214712436e+01 3.084972501332698402e-01
5.445519483648732262e+01 2.715625159677343969e-01
5.490803752210453581e+01 2.497452282900090859e-02
5.517955414212936205e+01 -1.249666547008212447e-01
5.524607485417062236e+01 -1.443267974067359016e-01
5.536946689193001703e+01 -1.809326412142517881e-01
5.543641077623033908e+01 -3.328613801675769368e-01
5.544486266475266945e+01 -3.121169828434563476e-01
5.545019269699717768e+01 -2.045107410082370736e-01
5.549020396370021047e+01 -2.161453202834628384e-01
5.572417758043916081e+01 -4.553106435637447325e-01
5.578250577928187681e+01 -4.100322772404410565e-01
5.578383365908189262e+01 -4.889944811145585102e-01
5.585623474092653851e+01 -4.662232545097627634e-01
5.588312596034046464e+01 -5.095172066852196036e-01
5.592564564734772148e+01 -5.271709996038576040e-01
5.599365621637305424e+01 -5.462458700410235402e-01
5.600122228177020389e+01 -5.149434403462185283e-01
5.612972604258180809e+01 -6.108687379166692910e-01
5.614319656071503317e+01 -6.159141432511794356e-01
5.626136874206307681e+01 -6.969244620244120503e-01
5.630681695017795363e+01 -7.827226544422896115e-01
5.634236178223022051e+01 -6.882846174020693653e-01
5.635291169075069462e+01 -7.257326214631810712e-01
5.654254894074720283e+01 -8.607948747997166139e-01
5.671794123789061359e+01 -8.588939984577486086e-01
5.695272625234747466e+01 -1.019653769182123693e+00
5.702371580825591479e+01 -9.528984926827060997e-01
5.708920474920427068e+01 -1.012044702015515885e+00
5.718324028846190998e+01 -9.745083785809611765e-01
5.774348610535216153e+01 -9.239850269588593124e-01
5.785165674482419718e+01 -1.035985884221495956e+00
5.789742435112626850e+01 -9.855658562466702577e-01
5.807982381934503024e+01 -1.028677875085922455e+00
5.846178318492262349e+01 -7.929112279719098266e-01
5.847066613310669680e+01 -7.868547351432499948e-01
5.847864092528148916e+01 -8.437969590675195031e-01
5.850908265046876977e+01 -7.997204175878745991e-01
5.882901855676470149e+01 -6.865843712597891058e-01
5.885637013398073236e+01 -6.051356341502706071e-01
5.889399436775931918e+01 -5.975467151344511230e-01
5.924684615509920604e+01 -3.997969991561181047e-01
5.939799360967420228e+01 -3.673691541508556369e-01
5.966185053495974699e+01 -3.233459992614167722e-01
5.981880841334255905e+01 -1.405632958322440007e-01
5.996427906763942417e+01 3.633315016518014196e-04
6.028984066994770075e+01 1.857977959552069014e-01
6.036246323209815046e+01 2.619816098824889194e-01
6.050285185463049942e+01 3.078614696327115485e-01
6.072791721422520084e+01 4.638120623087343408e-01
6.073330901769931245e+01 4.596421430326425583e-01
6.077156997235021407e+01 5.038049086924270004e-01
6.077765196820652704e+01 5.189491073831582479e-01
6.083413081860822302e+01 4.582684388466096159e-01
6.089243696740878420e+01 5.519595816998776883e-01
6.091560510112235249e+01 4.686855105324404525e-01
6.107054626054836177e+01 6.144317577664879515e-01
6.126623105535902170e+01 6.565744405160414132e-01
6.129487515987328550e+01 7.348777234105023926e-01
6.133381755742428254e+01 7.564965438687305532e-01
6.136796311411401206e+01 8.411479202866924965e-01
6.139060965778141110e+01 7.650499052191924720e-01
6.147388881810667982e+01 8.262272199608216017e-01
6.153299317957586823e+01 8.457707582638311905e-01
6.161548768479747906e+01 8.132109392593298569e-01
6.189835492887610968e+01 9.226181878641552814e-01
6.213979519356043113e+01 1.043308054808580243e+00
6.227019132398783086e+01 1.057789311385918030e+00
6.231106553696377404e+01 1.076555967630986821e+00
6.233564012451495984e+01 9.530127496167352108e-01
6.248183519185472790e+01 9.727258482244575122e-01
6.265971662952367893e+01 1.051556413908653287e+00
6.269017194764548151e+01 9.916808935958546511e-01
6.277558594395530633e+01 1.040404475242190596e+00
6.287284535689728671e+01 9.998170213012925744e-01
6.298973865955268536e+01 9.348967639734514501e-01
6.303165904396649211e+01 9.685323301642477789e-01
6.321262705663824022e+01 8.386862116517254107e-01
6.324166149427895789e+01 9.462353297131154140e-01
6.336344875387678144e+01 8.745106711413084266e-01
6.355728080402479918e+01 7.713811154153282779e-01
6.360033230100044221e+01 7.767597492411285609e-01
6.375503759066803866e+01 7.006186615981485621e-01
6.381881739919316487e+01 7.192337499380430099e-01
6.385543306362756510e+01 7.742622507871457227e-01
6.393138808994586952e+01 7.248278089841986294e-01
6.395375526263040911e+01 7.035728492359565323e-01
6.402754533795288694e+01 5.306638106639638419e-01
6.407347917000868165e+01 5.458284635957182385e-01
6.407461534887761445e+01 5.389097784964307358e-01
6.415812150814907966e+01 4.931603608184184084e-01
6.417851865341710038e+01 4.926086655991183672e-01
6.423542875750047187e+01 5.594321543658924423e-01
6.436061184986196793e+01 4.579066033032427874e-01
6.439004292711132393e+01 2.645925871251984529e-01
6.441758548503061377e+01 3.167495789542658646e-01
6.446294969687885157e+01 3.706462492859207702e-01
6.477779444208992743e+01 1.490098477086216622e-01
6.483998262009541236e+01 5.141931313977999435e-02
6.485650949473354387e+01 9.668967696081053054e-02
6.495448288525238922e+01 3.195347697586590346e-02
6.502119872977068837e+01 -3.500285556207857751e-02
6.513034126484606645e+01 -9.798200686606496623e-02
6.521455102322100572e+01 -9.801266912644542029e-02
6.526935818694181535e+01 -2.157264855926838976e-01
6.531211654430970270e+01 -2.636321156785854658e-01
6.544843713258198648e+01 -2.947991712606286008e-01
6.564353586962491249e+01 -3.882795762448325583e-01
6.565069582033149231e+01 -3.683486826958947691e-01
6.574467890536105585e+01 -3.953395902225415592e-01
6.575035905148098436e+01 -4.439218096042661377e-01
6.597758919270239630e+01 -5.696060880104857338e-01
6.619035052998891899e+01 -6.253123009748283723e-01
6.619269891893712554e+01 -6.210424607225727422e-01
6.622400750746781739e+01 -5.998053897186405026e-01
6.622597796567890782e+01 -7.452417198099137163e-01
6.628935125003015116e+01 -7.179522449026730646e-01
6.636979192224107749e+01 -8.326857170014473342e-01
6.638022370849296294e+01 -7.538662592087258529e-01
6.647094584581516585e+01 -8.924693164589048155e-01
6.657577897885650486e+01 -8.358287063099845149e-01
6.662233520050008906e+01 -8.815953441596383611e-01
6.674395137453224436e+01 -8.662752698457946154e-01
6.691772546817303180e+01 -9.396434092123676640e-01
6.700912327849161443e+01 -9.481002205367750069e-01
6.706043190351751093e+01 -9.393665679289203707e-01
6.709063996082251435e+01 -9.013059439700091824e-01
6.711908806310322007e+01 -9.983357668087498027e-01
6.729264929834134534e+01 -9.255677941382522977e-01
6.729361938652635899e+01 -9.827928626794331102e-01
6.747077981423359461e+01 -9.924258602610090962e-01
6.757088478886534233e+01 -9.985507245367203355e-01
6.757814758435793578e+01 -9.801875532328624407e-01
6.771373290555665392e+01 -9.504588000331393172e-01
6.784589429851534703e+01 -1.029335980902817305e+00
6.786476992104999795e+01 -9.040853878708072777e-01
6.788635024716656119e+01 -9.989560856928990651e-01
6.800308994450880107e+01 -1.025313331592372590e+00
6.804786944634115287e+01 -8.106198867767729910e-01
6.836358450812886645e+01 -9.179187557655145158e-01
6.836509280988423143e+01 -8.728561898737552394e-01
6.857597411123448694e+01 -7.511707204599751275e-01
6.872915200166586658e+01 -7.580648081651061299e-01
6.873425662438120298e+01 -7.220158661396020028e-01
6.883992949664151695e+01 -6.688479838414307377e-01
6.891057193343915799e+01 -7.145621771933641231e-01
6.895235005239426584e+01 -6.076944885866547574e-01
6.895316656914064879e+01 -6.760417876296692663e-01
6.908406906811444514e+01 -5.287987625339124476e-01
6.911656650095923737e+01 -4.770204447504088341e-01
6.920445475299121085e+01 -4.736872923820406589e-01
6.922206845545613874e+01 -3.855418057710284785e-01
6.924384407579118772e+01 -4.756380501133242178e-01
6.929934698621525513e+01 -4.814018293686060934e-01
6.932429778380760865e+01 -3.777397805739658998e-01
6.936445225531180370e+01 -4.156670991920015101e-01
6.937547397168162888e+01 -3.026699700510763757e-01
6.940466273362531524e+01 -3.694657529097202797e-01
6.950505904577758542e+01 -2.931639564698410583e-01
6.953311451786697717e+01 -3.302519278054603102e-01
6.965514093057487344e+01 -2.148599215204537449e-01
6.982238987573052214e+01 -1.053218160993329433e-01
6.996850899070533103e+01 -7.697634841261938310e-02
6.997360082043736895e+01 7.196965238405829413e-02
7.009489469116803662e+01 -7.295110354224845772e-02
7.033429561361161575e+01 2.077981456998981291e-01
7.041844656423317872e+01 3.180891465425304543e-01
7.064432676701521530e+01 3.860811015770826415e-01
7.065867038265531619e+01 3.969230593265292706e-01
7.098815590050485014e+01 5.146980522334765329e-01
7.117380669355574696e+01 6.934325613901495267e-01
7.117852918362284242e+01 6.996926502362018629e-01
7.125365580993987180e+01 7.522223930475073761e-01
7.132525473168543328e+01 8.006003184658930794e-01
7.133681970772055081e+01 7.588750498770416852e-01
7.135303877472874490e+01 8.031708107918270612e-01
7.170636500285387172e+01 8.192257903908481964e-01
7.181166406009815262e+01 8.679979562117231540e-01
7.187130899358582781e+01 9.700383228113935719e-01
7.212254556565339669e+01 9.444057333449853431e-01
7.233593999376662964e+01 9.427052462983178671e-01
7.246144711212546952e+01 9.485824588958456927e-01
7.252169958465516686e+01 1.034784523707643622e+00
7.264096569649363744e+01 1.045934698769471094e+00
7.268321006530928230e+01 9.270544636605846378e-01
7.275737012782209945e+01 9.630282393923432771e-01
7.277307301113759763e+01 1.086445003963353528e+00
7.279597310919123743e+01 8.981479806303330760e-01
7.285852522660130148e+01 9.519931678384919715e-01
7.286016873402468264e+01 9.462716516690319324e-01
7.300199283776834136e+01 8.589819436856895862e-01
7.301547566093655917e+01 9.618678713574826400e-01
7.310056109496555621e+01 9.427953273639098075e-01
7.310805826054297540e+01 8.103639657638057603e-01
7.316005219347407262e+01 8.672833232656097513e-01
7.316909920001887713e+01 9.631617855758088931e-01
7.319466166905279181e+01 8.825339429701083427e-01
7.326840990484370764e+01 9.000848386030217974e-01
7.326867707950192710e+01 9.480329800849155442e-01
7.336654025714086913e+01 7.912260805520018314e-01
7.337409985660670486e+01 8.063369664163360095e-01
7.348891203974032749e+01 7.943801882785511692e-01
7.352550976764823076e+01 8.108634865689772209e-01
7.363867603298143649e+01 7.187653574582375526e-01
7.375323198258769253e+01 6.997763899307215540e-01
7.389184705796078845e+01 6.023499017046122228e-01
7.391304497221705105e+01 6.633558426290240284e-01
7.395543322179788959e+01 6.531523890684275413e-01
7.433495689568675857e+01 4.060813357218570618e-01
7.444881851269521178e+01 2.982224209907429202e-01
7.445977092412408638e+01 3.674221480371315240e-01
7.454127517636197808e+01 2.060717727681366795e-01
7.457239233309611848e+01 1.806535079507136932e-01
7.463214996509013588e+01 1.987832597784472410e-01
7.491725378912987310e+01 5.828084529776413059e-02
7.496823533149409968e+01 3.796342062601895662e-02
7.500986486634101880e+01 -1.422000913601107093e-02
7.502563500811018571e+01 1.079288936721239933e-03
7.503319705846021748e+01 -2.341023214024397919e-02
7.507564987496435549e+01 -7.263461329425763280e-02
7.509193712821642919e+01 -1.458809888539550764e-02
7.533466786652866176e+01 -3.117948026284946828e-01
7.534334639067883188e+01 -2.051567970795646068e-01
7.546145836074961721e+01 -3.108330036842184008e-01
7.565395038635823255e+01 -2.983595369320140023e-01
7.565481306736678846e+01 -3.761740757945858382e-01
7.571587336178919259e+01 -5.182628394969409635e-01
7.575837090558297859e+01 -5.629074312731016105e-01
7.585269471571244537e+01 -4.540945392278270543e-01
7.607849014809407606e+01 -6.922948770461662127e-01
7.610284843633360197e+01 -5.951616137306566801e-01
7.619226870384899541e+01 -7.144013911428946928e-01
7.619246917142619679e+01 -6.814061778598716757e-01
7.620156329530260564e+01 -6.390828199376865637e-01
7.628534966843763243e+01 -6.984508416309891388e-01
7.632160413545044264e+01 -7.688317800140758163e-01
7.632712231340984488e+01 -6.659329995900099552e-01
7.637791654604846769e+01 -7.865383643941841196e-01
7.638609233523632724e+01 -7.552556912037107217e-01
7.667244296001545933e+01 -8.322336882689566062e-01
7.694167088212728345e+01 -9.831472846083829653e-01
7.697017369558413691e+01 -9.665880612033761476e-01
7.702842031146965951e+01 -9.798408466455623689e-01
7.719261178423613501e+01 -9.937145418162313115e-01
7.755036788963930405e+01 -9.102665584095384066e-01
7.759935752007002918e+01 -9.494719683171463087e-01
7.768184065285242923e+01 -8.721201467567353260e-01
7.772283418967312230e+01 -9.963627083234622983e-01
7.791689363113914624e+01 -9.858622307799139728e-01
7.793740848351782802e+01 -8.955491561467530115e-01
7.800196486343608626e+01 -9.477487671204657405e-01
7.812627365761591136e+01 -9.156490864118491668e-01
7.816308025504015689e+01 -8.757939640057186281e-01
7.817413680274707133e+01 -9.707273847343919071e-01
7.834580824062543059e+01 -8.393213023878841605e-01
7.852897454975351366e+01 -7.953639728892614169e-01
7.873512116609032319e+01 -6.410540263919526360e-01
7.884059213485660678e+01 -5.994569583983401229e-01
7.945151247097328451e+01 -2.696968730477837806e-01
7.958054095247067039e+01 -1.681776581066379284e-01
7.959246475040112045e+01 -3.249443376557642482e-01
7.963707507372818384e+01 -1.917348366839180529e-01
7.974828385090548011e+01 -1.747687875421814196e-01
7.978864937140980373e+01 -1.713862312969555990e-01
7.979393641166522855e+01 -1.571915440088652027e-01
7.979523113882139285e+01 -6.539369612376756680e-02
7.989813003888113485e+01 -1.743723008231102822e-01
7.991649958721109215e+01 -3.828256375622464402e-02
7.994206017621779381e+01 1.341064539638927439e-02
7.998891386702877071e+01 -3.084283998724657305e-02
8.015119821255373722e+01 4.127836879071435094e-02
8.024629363405362881e+01 1.584603016275572263e-01
8.031940270648941294e+01 2.555313432860551459e-01
8.035371674979914758e+01 1.872291633716664516e-01
8.046303526484037150e+01 3.625831949014053368e-01
8.052340472375468039e+01 3.405359554834887503e-01
8.056663988176008218e+01 2.478109340890049250e-01
8.058000315888045861e+01 3.482682852705861754e-01
8.060093653299163918e+01 3.374306788844197991e-01
8.061521010758335137e+01 3.579026977012925714e-01
8.064475356170753173e+01 3.829878331231816313e-01
8.066744945374814790e+01 3.996493231536572543e-01
8.093743686190418885e+01 5.327609211816094481e-01
8.104679915827939851e+01 6.852473104215075494e-01
8.111999651385028187e+01 5.475588404832528733e-01
8.123736725934129765e+01 7.223807305355315345e-01
8.131106852505850213e+01 7.092248093627780969e-01
8.140449933311262498e+01 7.331614347958842481e-01
8.153602822780209181e+01 7.827654566925756896e-01
8.165090164308358567e+01 8.801062587227617140e-01
8.169126382400652631e+01 7.910294541087062870e-01
8.169825683166777708e+01 9.697095356293541357e-01
8.178174761180625296e+01 8.297775864758208941e-01
8.179205737396324594e+01 9.104774223446898684e-01
8.180867495563103375e+01 8.850593772936727888e-01
8.182240469159566487e+01 8.211963047109670510e-01
8.187564264235773237e+01 9.768238656332426384e-01
8.193426887854732854e+01 8.372597061437130339e-01
8.212019756475696397e+01 9.343439002307495356e-01
8.221674870225602660e+01 1.058607874132628357e+00
8.229262191770909851e+01 1.035432648262021305e+00
8.240115366351365367e+01 9.687772871063613511e-01
8.264567990193036451e+01 1.003135981737794280e+00
8.274924473190175434e+01 1.012752746359268041e+00
8.275320091460952199e+01 1.033593888819702045e+00
8.288344193248605052e+01 9.843550502185222095e-01
8.304771740473991315e+01 9.356191577486956401e-01
8.306853949550418292e+01 9.360078377486525936e-01
8.309133699372273441e+01 9.131998937892057411e-01
8.313907948692880723e+01 8.320013364841749581e-01
8.321762910121796608e+01 9.453677368612828369e-01
8.328528370823829619e+01 9.305961975334507974e-01
8.335851017350665870e+01 8.137196131724762083e-01
8.336184403883922300e+01 8.386494369654621250e-01
8.352755916344720788e+01 8.483603053537505101e-01
8.359487933556121675e+01 7.605587618360957203e-01
8.364298770174579545e+01 7.537633465282566059e-01
8.366246503956578806e+01 6.564097007911375847e-01
8.367575838036329117e+01 7.464443558934712453e-01
8.373016492333123040e+01 7.637232948445098479e-01
8.374084325452493260e+01 7.262929792655336003e-01
8.421279354410241069e+01 5.036096943305642393e-01
8.426174063977693152e+01 4.555920775364388775e-01
8.442047434436075548e+01 4.516595876888711003e-01
8.444156541002269023e+01 3.141956192038827811e-01
8.460646102318226269e+01 2.430756623125478189e-01
8.468482514868760802e+01 1.799948815800172242e-01
8.490548336930419282e+01 1.060239688938683228e-01
8.498330168610378621e+01 1.370088923488249621e-02
8.506737978351127083e+01 -4.082917992646437760e-02
8.515115736463243934e+01 -1.582278139412063300e-02
8.519016683254855593e+01 -6.284565715945016062e-02
8.534231673893330594e+01 -1.952918003774730682e-01
8.548331315021989951e+01 -1.785278110585464817e-01
8.553745113975777770e+01 -3.267628083278799056e-01
8.557065023254364178e+01 -3.178101161236449035e-01
8.576743575552858090e+01 -5.224879541877970324e-01
8.579634173543129805e+01 -5.163359916475636080e-01
8.605868544656986785e+01 -7.020833856795909433e-01
8.611026867833888332e+01 -6.555172386279863872e-01
8.620834078910887399e+01 -6.990744693981674196e-01
8.635014065573201947e+01 -7.476412558997410640e-01
8.635554609813721072e+01 -7.303463860488367265e-01
8.641242438174042206e+01 -7.870222959303079246e-01
8.656572857856662040e+01 -8.587199219710537346e-01
8.668427767363785108e+01 -8.878516261482486405e-01
8.677597831526247774e+01 -8.699392836438530896e-01
8.689811093565214151e+01 -1.029499836810386926e+00
8.691320359858950440e+01 -1.006142096933599239e+00
8.713613070683970818e+01 -1.012012603108691344e+00
8.725484824355244484e+01 -9.316496093625853403e-01
8.742071860084331547e+01 -1.029048375062755483e+00
8.743631244642044464e+01 -9.777638840041322776e-01
8.743673682939528646e+01 -8.915244648502544944e-01
8.753318480258872114e+01 -9.837714076109935757e-01
8.780746544090351335e+01 -9.584220227991795404e-01
8.787509874658684339e+01 -9.757678119435587716e-01
8.789133309723607113e+01 -9.539938062372211869e-01
8.789270819329982487e+01 -1.021599646886183876e+00
8.826748890581396267e+01 -8.953459089441248020e-01
8.835156752445946893e+01 -8.595375588698594971e-01
8.848604754816791740e+01 -7.963195056245095937e-01
8.862978044396257360e+01 -8.726343859495983013e-01
8.865125983400908183e+01 -7.631548179628911965e-01
8.874257371575481557e+01 -7.371916866567164162e-01
8.883747390568248647e+01 -6.731225876414955733e-01
8.909904102902696366e+01 -5.120445615569968467e-01
8.909923651143316192e+01 -6.360020477874608336e-01
8.973668412885318446e+01 -1.545820208783725280e-01
8.980781830142916533e+01 -1.291077614559840714e-01
8.984314665047816106e+01 -1.049998703673427070e-01
9.001871254799496569e+01 -1.266480111809644912e-02
9.001993815142512290e+01 2.481996948689554894e-02
9.010015589550887682e+01 1.372157587790638344e-01
9.016571153615129219e+01 1.328581777641846262e-01
9.020551249304043040e+01 1.561194842926519333e-01
9.021418265448008356e+01 7.993478205638118728e-02
9.022898065104064358e+01 3.588346775589261461e-02
9.033075916957879770e+01 2.467667654772932040e-01
9.050535889351395724e+01 3.114054879265835130e-01
9.052800361015009400e+01 4.063112472828813715e-01
9.067598426027504388e+01 3.341757976578931810e-01
9.074513201047174960e+01 5.196381206420407350e-01
9.075744126076060070e+01 4.874378136297851105e-01
9.088288809998086037e+01 6.062527568777268394e-01
9.104576706016449350e+01 5.905730506566759797e-01
9.136649334305411685e+01 7.633206372232042014e-01
9.139944301277782301e+01 8.638561574141369048e-01
9.147380117401088739e+01 8.228282198353602528e-01
9.181926879776833061e+01 9.516395199300148322e-01
9.183239110202931954e+01 9.208420728072923556e-01
9.189691518312223195e+01 1.001234336472797359e+00
9.198026893935983139e+01 9.124039061295131647e-01
9.198571516909693457e+01 1.019286612282031435e+00
9.202811476811893954e+01 9.093309995626990272e-01
9.213763936472788885e+01 1.015063355998705452e+00
9.215832903408877996e+01 9.061646828790111963e-01
9.215941482588721101e+01 1.004330496681300477e+00
9.228908273863160616e+01 9.898567509142587317e-01
9.234218653424073864e+01 1.096813453554039919e+00
9.239033885513777022e+01 9.827132465847049358e-01
9.256860086002274102e+01 9.856030221463718544e-01
9.263519905480764294e+01 9.494561580693148262e-01
9.269586060025881125e+01 9.956398745054515498e-01
9.286873524179574702e+01 9.541122854455847957e-01
9.290210905961103549e+01 1.033179432862047609e+00
9.291156175404790929e+01 1.013594486561111285e+00
9.302178067939483697e+01 9.338787412041498204e-01
9.302529892398572997e+01 9.298952747477491343e-01
9.322230004723373042e+01 8.772325616814433680e-01
9.329825047150907835e+01 8.503122838629925129e-01
9.333739548007535802e+01 8.120792557320062333e-01
9.339818947371246338e+01 8.468548317187067909e-01
9.350255848044797347e+01 7.874768395999439674e-01
9.360883700690342835e+01 8.198041197538360469e-01
9.372909848965097979e+01 7.305403160069061652e-01
9.379218197598785878e+01 7.536622480394451484e-01
9.385648183829580660e+01 6.049573375758470206e-01
9.387566188639084430e+01 5.790218394432554705e-01
9.397465261208563447e+01 6.242477217003011836e-01
9.405877904606309414e+01 3.991416235682759828e-01
9.410347052860929296e+01 4.451075268419976139e-01
9.414084671979917118e+01 4.570125581150559224e-01
9.417615544200972977e+01 3.969484442489250586e-01
9.419093340266088887e+01 5.096027456377448805e-01
9.424592447847302878e+01 4.829552264975554010e-01
9.425882986648655049e+01 4.803589821567987306e-01
9.431746641616373950e+01 5.021193500828664558e-01
9.435794914103139774e+01 3.374527676889984562e-01
9.447147577794676465e+01 3.192302803216564566e-01
9.458671183783349079e+01 2.306684776561624406e-01
9.458947458983271872e+01 2.062326596762499853e-01
9.473811557477156953e+01 1.437860728764909779e-01
9.479344091508774284e+01 1.439348072930855260e-01
9.484251147818466166e+01 1.869008430983978841e-01
9.511099610872159360e+01 -7.529251533396801033e-02
9.516835932759131822e+01 -1.302587548160658859e-01
9.518221965436907794e+01 -7.898359381955410985e-02
9.549776414460265528e+01 -3.105118567671197316e-01
9.551720131958347793e+01 -3.068005967850325755e-01
9.591653903004129234e+01 -5.934678541576344779e-01
9.591955160644073430e+01 -5.174266910895339855e-01
9.595245335695202016e+01 -5.852753188404532514e-01
9.610751110371305117e+01 -6.298036031019152992e-01
9.620233073599823115e+01 -7.377656842166253615e-01
9.637278050338829871e+01 -8.630499005281629943e-01
9.645414262905163127e+01 -7.382818614412779423e-01
9.681736764455925481e+01 -9.219542818513161153e-01
9.696636641960292025e+01 -9.728858189260498612e-01
9.699669563333365829e+01 -8.830325050568059719e-01
9.707109640024272323e+01 -9.538899629236426980e-01
9.728789478205074204e+01 -9.624946063606535374e-01
9.742948779799188230e+01 -1.060837709213400926e+00
9.751303664440935393e+01 -9.660709692212503530e-01
9.761253897932594725e+01 -1.125594048079979093e+00
9.764744577368702494e+01 -9.726803532048446943e-01
9.766829463465558092e+01 -9.366523448848722566e-01
9.767432576707946623e+01 -9.218966537639950998e-01
9.769107814595572847e+01 -9.803965288346305762e-01
9.797787753121957621e+01 -9.491203245699395552e-01
9.829698370860808154e+01 -8.755858322374654445e-01
9.850468993367859127e+01 -7.850045506617814306e-01
9.883615227051679142e+01 -7.215245440067479255e-01
9.888246928073307629e+01 -6.048905421876396016e-01
9.893740418495558231e+01 -5.730795055400600413e-01
9.920761363587837423e+01 -4.736267082407656925e-01
9.922432198393327951e+01 -4.697470690431673757e-01
9.930325040869209374e+01 -4.743611331151097454e-01
9.931217229760697762e+01 -4.317389217937298573e-01
9.964850903539938543e+01 -2.204264980243770267e-01
9.969453078451562078e+01 -1.328717475176134644e-01
