1.383743032137674245e+00 1.044358118817506842e+00
3.171631769574079218e+00 8.649559731578360111e-01
3.318754163885051511e+00 9.215801173819210268e-01
3.818433151983158247e+00 1.140697008185497241e+00
6.679940620290059528e+00 -5.172745629339691176e-01
7.391786357000107444e+00 -5.607521721350556820e-01
7.851787854527225718e+00 -7.608477386463312619e-01
1.047953309799767396e+01 8.081488195666854946e-01
1.115707054652686026e+01 4.970233622487318925e-01
1.239935560898965861e+01 7.547329138847905794e-01
1.403157718912560981e+01 7.974927204179003137e-01
1.440646490909690591e+01 1.948665346644046226e-01
1.475045560659017418e+01 -2.740283626959988950e-01
1.526289621224704618e+01 -6.278830096338134936e-01
1.575463187905491402e+01 -4.872879590306623543e-01
1.690449049315197882e+01 -4.995540293318408986e-01
1.754491368581040334e+01 -1.015795816205925739e+00
1.756824238564253093e+01 -1.179110576526243959e+00
1.815365802539989915e+01 -1.418090945583522666e+00
1.823003374147705813e+01 -1.329678608508200410e+00
2.036150094760952456e+01 3.410289613311477397e-01
2.270511258687202272e+01 1.460509396580158548e+00
2.274088642741362065e+01 1.446619020991116944e+00
2.304112669038811489e+01 1.469410845752133987e+00
2.431867119822318557e+01 -8.320200332565223789e-02
2.436751680830291278e+01 -7.166066538415591380e-02
2.544996447773928594e+01 -1.875853166388546933e-02
2.694148739446750085e+01 -1.012082426398495327e+00
2.698039523173700971e+01 -1.162997644725542568e+00
2.759664304493611908e+01 -1.450680077791990374e+00
2.935459292563094991e+01 1.003800988712848646e-01
2.953357071219782171e+01 6.654526899670291928e-02
3.053065587842945661e+01 -1.266809950204098312e-01
3.570135564563378239e+01 -6.533363823793174319e-02
3.582174176395142950e+01 -1.464880710040725176e-01
3.714041626954729480e+01 -1.410381685537102525e+00
3.840481929440579734e+01 -3.977876910127144394e-01
4.064248338823800566e+01 1.122546685843220926e-01
4.130918815906869668e+01 9.452121510068096644e-01
4.146898148672956097e+01 1.127897295048919890e+00
4.176819293170323277e+01 1.485088857821566410e+00
4.379273745006688756e+01 3.670112034682235791e-01
4.399241326996276769e+01 5.021537712978553225e-01
4.491282149610370311e+01 5.730415615377690841e-01
4.521394912200094041e+01 1.336684834821204315e-01
4.677474355593865596e+01 -1.285900871735898621e+00
4.714316071107804618e+01 -1.100868233948255615e+00
4.723301824385423942e+01 -9.643535592098458897e-01
4.724034374938683811e+01 -8.908508674928004023e-01
4.852587722114433433e+01 -4.585100084798594544e-01
4.901567139284721719e+01 -7.770593028899592802e-01
4.930063490753556721e+01 -8.914272875706934496e-01
4.967376345954443906e+01 -6.564507730319857348e-01
5.347455386531534316e+01 8.740267248105175746e-01
5.518974997546464323e+01 -2.166561226574375554e-01
5.534510291114533942e+01 -5.357827545460608354e-01
5.702560807804063359e+01 -6.331044280012805281e-01
5.733694995970787289e+01 -5.770319885689931816e-01
5.781967999707118366e+01 -6.306538966801459312e-01
5.881340706426701814e+01 -1.174389361524709408e+00
5.931341923671370608e+01 -8.467174693492709459e-01
6.024394449978045429e+01 4.792945961324281967e-01
6.099321768120405096e+01 9.366672392828324645e-01
6.631371037767786447e+01 -5.310128077473107444e-01
6.719288587689555925e+01 -5.614081626315778895e-01
6.907628071087766841e+01 -7.574987384901189502e-01
7.256002991574716532e+01 1.188320543317457734e+00
7.350269423488484222e+01 1.256007828607376586e+00
7.358330679349349168e+01 1.182979722905325826e+00
7.389782429584728618e+01 7.068457621020465265e-01
7.522076333526170799e+01 -2.756994989876171420e-01
7.576548729942894056e+01 -2.078839901043753047e-01
7.595631035975937095e+01 -1.517536495687943909e-01
7.630309979810367338e+01 -1.917102261291290521e-01
7.904102600867557271e+01 -1.267771840788846638e-01
7.990755525307409357e+01 2.750145959739809243e-01
8.013432368088984958e+01 1.677506245739978363e-01
8.060294538411589826e+01 3.620070522173179234e-03
8.099996489050039372e+01 3.843873649686768701e-02
8.160783881336023171e+01 8.343989707574401837e-01
8.232892062972477731e+01 1.385980141856644643e+00
8.248670363323888921e+01 1.509580787296183724e+00
8.259186482263388029e+01 1.485643947480829841e+00
8.590031365905538507e+01 -7.147661763671750434e-02
8.618218170532649935e+01 -2.916138401577622052e-01
8.619030033939063173e+01 -3.509019197932942147e-01
8.643456864742984180e+01 -7.568353296511824979e-01
8.668207824352465707e+01 -1.072965248375637337e+00
8.681629413501825354e+01 -1.179571244241441885e+00
8.862282717851056191e+01 -3.808858221010610334e-01
9.070862846472060426e+01 9.464305023178793200e-03
9.107840439830584955e+01 4.285954945677982186e-01
9.253553460352166837e+01 1.231672175498321309e+00
9.388805008336593971e+01 2.746726577155219617e-01
9.610906315816960443e+01 -8.995055835819563139e-01
9.627314104310683263e+01 -1.146515616027285356e+00
9.673116411420943450e+01 -1.492278296221322575e+00
9.802770674700246900e+01 -4.938342048344826485e-01
9.820271717645225351e+01 -3.620485451186405412e-01
9.896406844794253743e+01 -4.989476883219682857e-01
