1.505559101567022218e-01 1.605122541538098191e-01
9.037507862147742266e-01 4.377306074592403062e-01
1.691881230346159448e+00 9.061556912670912789e-01
1.721528297519570039e+00 8.591461585451287686e-01
2.037098367035317104e+00 9.291155934520426429e-01
2.381027418464665146e+00 9.914328679173376457e-01
2.900307184000761040e+00 9.274265423310209533e-01
3.848316042212851507e+00 6.414138276675762640e-01
4.267906649180652323e+00 4.627075945096077447e-01
4.339187400522948046e+00 4.328867024052639456e-01
4.752274299767112353e+00 1.066354449071794108e-01
6.954628889469704589e+00 -8.829113476709675723e-01
7.451107540150414543e+00 -1.068847381849969302e+00
7.871919555481632358e+00 -1.087559692756191243e+00
1.074423582586132575e+01 5.141221171613573615e-01
1.123181383680224066e+01 7.481718741247342930e-01
1.223147006324906094e+01 9.425514704674695654e-01
1.275867756032441669e+01 1.018813186600192155e+00
1.357437178569008651e+01 8.627774969988932785e-01
1.475291726606503495e+01 2.020654615752549010e-01
1.673161498894025812e+01 -8.488430041010837090e-01
2.014475875083386924e+01 1.011774085116596000e-01
2.123128566190158750e+01 7.029525353191721226e-01
2.205882351368709848e+01 8.989871952302487257e-01
2.272932791722865886e+01 1.044171035544673831e+00
2.274814398943068028e+01 1.026164658570820398e+00
2.349738031923577353e+01 7.959656749837937806e-01
2.528928144343616324e+01 -1.516894598603760747e-01
2.574578726924938721e+01 -4.171603527183990190e-01
2.636314091583504648e+01 -8.600922918015008189e-01
2.669746944410142930e+01 -9.070087477046047120e-01
2.707688601257187599e+01 -1.021813634331093290e+00
2.933969029051285560e+01 -4.136628352883437998e-01
3.071186295475317607e+01 4.613657131908721620e-01
3.232712525801749592e+01 1.023518311807309233e+00
3.312705659959009097e+01 9.799770902609006296e-01
3.428074502956519609e+01 4.688158654184513829e-01
3.435547175690714994e+01 4.148646107657381621e-01
3.502974460405858537e+01 -1.096185458496228560e-01
3.634511660682074563e+01 -8.106613578642321016e-01
3.757943675194480448e+01 -9.694236492206765865e-01
3.832198136270770306e+01 -8.159680550564435420e-01
3.879287684088323829e+01 -7.415940113424736024e-01
3.884768112577857835e+01 -6.066804085254077217e-01
4.080570423786300438e+01 5.325487646856292834e-01
4.418947170948430880e+01 5.199362622520959931e-01
4.443454295365430085e+01 3.912810450940892859e-01
4.482810733861476393e+01 9.059774757671801293e-02
4.666731210692177712e+01 -8.100771378627827923e-01
4.893071000804926030e+01 -5.557740315493764349e-01
4.926303477229267713e+01 -4.594058412496767607e-01
4.972317417286126329e+01 -1.534434882963623958e-01
5.149262088870882081e+01 7.081429263417986508e-01
5.157026740593070002e+01 7.969936625717819467e-01
5.169062137807619450e+01 9.164616595354520001e-01
5.217369514880046211e+01 9.710314709269558531e-01
5.446894399623295158e+01 3.014193920139567329e-01
5.505979814759417224e+01 -2.501049966606044145e-02
5.703509828459944231e+01 -9.914180815890223375e-01
5.766835161572668511e+01 -9.096124244390761948e-01
5.832844967673966607e+01 -9.468273551460589799e-01
6.050032089718598627e+01 3.770932267638646418e-01
6.070578839553547823e+01 5.109901987242030375e-01
6.141010498406031815e+01 8.276290045674100648e-01
6.437333411850660525e+01 3.206348380264262277e-01
6.768463244149877767e+01 -1.002063231814896760e+00
6.845581147680117340e+01 -7.870038181832688107e-01
6.939848312806608988e+01 -2.839336232819845707e-01
7.126881639688104997e+01 7.403235001070241905e-01
7.259105885501730882e+01 8.932675158637012336e-01
7.300715919851684532e+01 1.005276513920564385e+00
7.395884193854750777e+01 6.841257245503005180e-01
7.457782923530625396e+01 2.794166732630917749e-01
7.477276236048470537e+01 1.500809983123103930e-01
7.485072229603331095e+01 -5.623822666760358580e-02
7.512237353182939614e+01 -8.117052935062479824e-02
7.519342303826549312e+01 -1.993490417199313136e-01
7.654874082899743826e+01 -8.364043929250578602e-01
7.729824720804042215e+01 -9.894680306925597302e-01
8.049548933340409462e+01 3.139017402015874536e-01
8.149920347184621505e+01 7.693315803520076601e-01
8.205462364564185407e+01 1.009450141694662406e+00
8.329803846639921971e+01 8.137429201837013126e-01
8.401705683242343525e+01 5.588596493823501099e-01
8.471546127660329262e+01 1.313589781648983879e-01
8.635371059677306960e+01 -7.713781802000893029e-01
8.694448679363216570e+01 -9.296499701164734342e-01
8.707807579974343071e+01 -9.157592545202989376e-01
8.878124122006747143e+01 -7.376414900645825723e-01
8.890202865213431949e+01 -7.030251581959610085e-01
9.037179050879949216e+01 2.794578647256175663e-01
9.266468666518676400e+01 9.553832976346857686e-01
9.333556714721643743e+01 8.316732323463418286e-01
9.505360016041383631e+01 -1.434379629432844597e-02
9.563250743491509809e+01 -4.076321122590934043e-01
9.592274714525024137e+01 -5.419891509661370899e-01
9.626093649517467554e+01 -6.438453997077593360e-01
9.804824174187324104e+01 -9.738374156452046515e-01
9.811118498520417575e+01 -9.366332943676958234e-01
9.974069216947619054e+01 -1.530727961401491533e-01
