7.138495366887376292e-03 -1.202602033426816153e-01
1.487154364439802201e-01 1.517792031308807799e-01
1.564406535053075586e-01 1.636265502216442402e-01
2.542708852619313120e-01 3.345117826867485267e-01
3.668777583101467954e-01 4.268859282155289536e-01
7.791017007298672858e-01 8.998740823781116172e-01
9.618174267522094922e-01 1.114951358079554478e+00
9.950999069933796903e-01 1.117259163657858823e+00
1.045510329161214447e+00 1.031299346389296545e+00
1.066014419335403751e+00 1.066565784953689144e+00
1.133516241522602996e+00 1.127055050478901421e+00
1.160833258012294866e+00 1.087086304330050268e+00
1.207927484527904216e+00 1.144925856772830652e+00
1.323037488671929829e+00 9.809504823191872447e-01
1.454561558268596677e+00 9.674750010757412477e-01
1.475691014732283257e+00 9.786190530213990657e-01
1.578591073290414037e+00 9.662294401708741987e-01
1.677140260431075891e+00 8.670190579156725752e-01
1.773901480108985851e+00 8.084824254457079196e-01
1.934472149203914082e+00 6.694724272464246395e-01
2.042186993744277146e+00 6.267507363000288656e-01
2.055835396003136140e+00 5.521715098492602225e-01
2.138087055433179895e+00 6.220716127742387247e-01
2.164688030390016227e+00 4.848149419706339613e-01
2.305573596012067128e+00 5.756716233698842000e-01
2.332763137019777666e+00 5.640988140562677167e-01
2.478269412456346465e+00 4.989567750572255211e-01
2.516880054402492739e+00 5.354886274854162576e-01
2.532549440064257862e+00 4.088943124565657117e-01
2.563738592659003945e+00 4.724144246836052274e-01
2.638368572268012802e+00 6.096162220242001828e-01
2.958608599369527692e+00 6.598441812601718581e-01
2.973756158108564751e+00 7.680154285328260055e-01
3.072214571138964789e+00 7.670154000080683376e-01
3.336249417991554722e+00 9.467864367582754515e-01
3.382872569934947116e+00 9.793559988165024821e-01
3.403927490648661625e+00 1.075537212147121613e+00
3.422354182215003870e+00 9.960895372358288258e-01
3.569524709614124713e+00 1.131118621948730585e+00
3.860553119756304774e+00 1.184657802123448844e+00
3.986609193149615038e+00 1.049217980244700810e+00
4.028057311497512671e+00 1.061772335095821029e+00
4.161645008784398136e+00 9.863383133522177770e-01
4.508629639122785804e+00 6.168112804355484480e-01
4.772584868998386298e+00 1.807945871580582675e-01
4.801746256605587959e+00 2.673635845240069364e-01
4.826801397236968327e+00 1.445280621938874466e-01
4.898445525767069597e+00 1.285719496668847467e-02
4.904004231648883660e+00 -4.903290053677479554e-02
4.932738501973943812e+00 -1.107684289559947022e-01
5.177158542010939613e+00 -4.647963039992351053e-01
5.341699128121990547e+00 -6.713459659536380464e-01
5.420221320273544308e+00 -7.359402815627161809e-01
5.496901121483876551e+00 -7.309327487629817544e-01
5.708947554005250780e+00 -8.763047719697426574e-01
5.719580708338534158e+00 -9.329470983922006910e-01
5.739697432328783044e+00 -8.597555330278739971e-01
6.118145252044127069e+00 -9.247165631890508219e-01
6.304549740850085016e+00 -8.273231685622816078e-01
6.431141851267940801e+00 -7.507426642476076051e-01
6.562585887031624488e+00 -6.017338001140243309e-01
6.610245476947063104e+00 -7.126474263071016502e-01
6.641082692043253743e+00 -5.724544099702615352e-01
6.695772544541311433e+00 -5.206702766610595834e-01
6.763779754956090073e+00 -4.832512925920155467e-01
6.768720260463656047e+00 -5.502502366048109828e-01
6.816220893168766892e+00 -5.030147821082334714e-01
6.838245171004730949e+00 -4.820616828041273116e-01
7.153733036015330171e+00 -4.214738353025711537e-01
7.177737788719895207e+00 -4.659239091348935657e-01
7.220474820601174848e+00 -5.310767878949862464e-01
7.470347406361089071e+00 -5.401728525274496207e-01
7.578938066334661272e+00 -6.662532485988796882e-01
7.603555890588653554e+00 -6.970510304863685169e-01
7.753983084351679267e+00 -8.121987192246430398e-01
7.761368891458165109e+00 -8.181868180472187113e-01
7.796912395488620362e+00 -8.837316898273486210e-01
7.839328935663846920e+00 -7.556757785683859696e-01
7.945857488959740422e+00 -9.195331349529903830e-01
8.121890301148493307e+00 -1.154933308063241126e+00
8.275054506330592474e+00 -1.082236564710983728e+00
8.367077624211693987e+00 -1.246262764792158251e+00
8.412393814740525499e+00 -1.181820526522399328e+00
8.460852097216431389e+00 -1.219104433503565899e+00
8.557922708805442369e+00 -1.342048558724271201e+00
8.744538903933850804e+00 -1.174253849682833195e+00
8.778202611507801123e+00 -1.262385828570295354e+00
8.948252458884020655e+00 -1.013834491651139702e+00
8.960827219178991498e+00 -1.061279626782669849e+00
8.998241443936583650e+00 -9.880891838461738352e-01
9.043751372131136890e+00 -1.037363977338271237e+00
9.051028812718598715e+00 -1.058889687184438433e+00
9.099139131727717711e+00 -8.336788025024435278e-01
9.426474970553112342e+00 -4.727254822637600995e-01
9.466446857021260541e+00 -2.825144348832092644e-01
9.537974452212626630e+00 -2.373075655253986949e-01
9.684303340924415693e+00 -1.376431780059273260e-02
9.842657517060803940e+00 1.415216119174828036e-01
9.954677962695479110e+00 3.513168314722706631e-01
1.002143546202032276e+01 3.743443562303642724e-01
1.004494854830156925e+01 4.852040436515534516e-01
1.008519116597314991e+01 4.810929832646932969e-01
1.023014659117769121e+01 5.742333945087667590e-01
1.039180267902037968e+01 7.415899185256339399e-01
1.046576058923660568e+01 7.033665767570889127e-01
1.052104659225162564e+01 7.597479411912454461e-01
1.078949425650643690e+01 7.032655372682916628e-01
1.099698956470557221e+01 6.068879849052395414e-01
1.133167034806420403e+01 5.195805751213936619e-01
1.140535431967685298e+01 4.763475198456270099e-01
1.167769582660127625e+01 4.187039011824051915e-01
1.174515969705373131e+01 4.278144796487141077e-01
1.188894363561027134e+01 4.692944856888415783e-01
1.198789459618997455e+01 4.728819783334717863e-01
1.201867237584067816e+01 4.701432491744533260e-01
1.204504305509569484e+01 5.134157837321654538e-01
1.208071596416417925e+01 5.684074856095538975e-01
1.214387292452946454e+01 6.540418665769168749e-01
1.215469419339253498e+01 5.692268605175081486e-01
1.217336759677493063e+01 5.657053771785054419e-01
1.229608396347319221e+01 6.720792214418398469e-01
1.232823293858870173e+01 7.043244805750972226e-01
1.234122824934851259e+01 6.790210763155728468e-01
1.238003214937851659e+01 6.020368456192499718e-01
1.245186163976673654e+01 8.602209891107706063e-01
1.245386869264656404e+01 7.958263025795465628e-01
1.268818781828954201e+01 1.051921451717287903e+00
1.275529535127677505e+01 1.105319348235701327e+00
1.286822619676797430e+01 1.178165512597167286e+00
1.290607500378898642e+01 1.172494271340297933e+00
1.292819102033372403e+01 1.157988628215744331e+00
1.296054472050247597e+01 1.189942446176180502e+00
1.308051780961440080e+01 1.326385197234772884e+00
1.308975727850602055e+01 1.322271942470052641e+00
1.318560405421153092e+01 1.248903294085230931e+00
1.320948553384607749e+01 1.320645620897484385e+00
1.321161589935937464e+01 1.360786393956050278e+00
1.326681563612375214e+01 1.287071325706476088e+00
1.332649011560462782e+01 1.333741095112410902e+00
1.344733696662263611e+01 1.372464740940150918e+00
1.351321326693215497e+01 1.378604804735890532e+00
1.352618523685072915e+01 1.295773573982341720e+00
1.354211829623984720e+01 1.304362303674027723e+00
1.362166924573775617e+01 1.187070892085993590e+00
1.362237137968543799e+01 1.198900361076123966e+00
1.378197699671837029e+01 1.095644213535721612e+00
1.381670446904450600e+01 1.024619698082366304e+00
1.388162878975199810e+01 9.858831995904659973e-01
1.394097926940541754e+01 8.611854534628020641e-01
1.397242443744703877e+01 8.526033496477664064e-01
1.399658993196679546e+01 7.849812510350003825e-01
1.400400333864907410e+01 8.163135162490329222e-01
1.403059905974447474e+01 7.751050235333094562e-01
1.418094323380577571e+01 5.610364087734314165e-01
1.420334082492801286e+01 5.532313797975803027e-01
1.436671220877259181e+01 3.539612351665333279e-01
1.457512538664478186e+01 2.279412671860263362e-03
1.457887873546472868e+01 -9.519370472149284168e-03
1.465027231195654700e+01 -1.622262974485046694e-01
1.495597904511557452e+01 -4.023933716432872010e-01
1.517418392712782627e+01 -5.660503400467502555e-01
1.537717039511998784e+01 -5.667002320723651954e-01
1.542510631299287560e+01 -5.928325014568583962e-01
1.545331804365710582e+01 -6.805359010424250066e-01
1.559056656994989254e+01 -6.078524261105754389e-01
1.567802337728628714e+01 -4.865374505020511053e-01
1.571818421211740358e+01 -5.747536622667185346e-01
1.585120560581973947e+01 -5.125160048816352898e-01
1.622393352415964074e+01 -2.301986943135002073e-01
1.627803546809868251e+01 -3.586964690439775616e-01
1.634619055520056818e+01 -2.921597477421800093e-01
1.655551861811266434e+01 -3.061276426116333327e-01
1.661267164587411216e+01 -3.589516108711669484e-01
1.676173893458268083e+01 -4.867228770343989264e-01
1.691464805277301764e+01 -5.925295729257507027e-01
1.709334945700344832e+01 -7.037000036857740115e-01
1.758159731610258092e+01 -1.119904125722247290e+00
1.785682222230012783e+01 -1.411148915659933722e+00
1.787017917879257922e+01 -1.327523956028782370e+00
1.794573645428295805e+01 -1.424051105616926716e+00
1.813901054640539812e+01 -1.364382120608645277e+00
1.816021715799399772e+01 -1.344765643787654286e+00
1.824144400137417321e+01 -1.419294683465098572e+00
1.829623040944271395e+01 -1.505502499841327557e+00
1.834373684798159587e+01 -1.285428068964387771e+00
1.834847896316099636e+01 -1.287452223945857011e+00
1.848251280067256630e+01 -1.255780102041925694e+00
1.865798530370579300e+01 -1.051168073433097261e+00
1.866293812400032692e+01 -9.995551397263061633e-01
1.875239754752801957e+01 -9.795556261118952834e-01
1.881120011125521074e+01 -8.621785843541581729e-01
1.903526864269776553e+01 -5.423971982690047877e-01
1.950870065730709868e+01 2.271107257990364614e-01
1.956009417883278800e+01 1.517741549318926686e-01
1.964344484682047920e+01 3.476877099152026473e-01
1.979050507180031104e+01 3.173224733967535682e-01
1.981441038044825476e+01 4.004924545519271684e-01
1.989406367326845881e+01 4.188445283955348208e-01
2.007878293355367560e+01 3.464770630658873252e-01
2.018524344544956506e+01 3.786458719507624915e-01
2.018726545254676452e+01 3.601888844938034295e-01
2.029359506064967178e+01 4.730985185184591879e-01
2.047220456607024985e+01 2.974386938533551961e-01
2.047660863800352260e+01 2.909650053319467466e-01
2.051357855359326976e+01 2.953560209398952141e-01
2.052632493894729393e+01 2.410797911187215203e-01
2.054548249601383247e+01 2.786271064559227018e-01
2.056341716455647628e+01 2.235525630462260049e-01
2.065654381782220383e+01 1.889819183744618214e-01
2.109020508185046694e+01 6.045952951087822658e-02
2.112282138693438682e+01 1.656727414953242383e-01
2.138700164680248506e+01 3.048663300253627306e-01
2.139884164550498369e+01 3.833992543822571375e-01
2.142108738633696774e+01 2.655568927766923659e-01
2.157171076693662570e+01 3.432157246552977048e-01
2.173048711433600744e+01 5.537863567552326893e-01
2.190085588165127106e+01 7.723376041061332797e-01
2.199581079558444685e+01 8.741479069677012825e-01
2.216644330402405316e+01 1.094272009219727559e+00
2.218960570846232372e+01 1.095310633952452095e+00
2.219970051900701691e+01 1.102873671036185055e+00
2.228718846212597171e+01 1.129610999799163462e+00
2.237573150049403381e+01 1.310818133553881548e+00
2.243171371739909148e+01 1.325376146019891399e+00
2.249642459991224541e+01 1.367288284763814588e+00
2.277021530832386986e+01 1.523025052393044421e+00
2.278265886507544380e+01 1.452371400902619847e+00
2.280802134182565766e+01 1.397043833244471012e+00
2.292248086337312785e+01 1.471668030004763761e+00
2.295106279482565981e+01 1.526659433016990919e+00
2.297474773717935648e+01 1.393015874692808520e+00
2.308905123401881099e+01 1.417856801649323151e+00
2.314358000117305991e+01 1.377203989418014585e+00
2.316859453688590165e+01 1.305377327313473446e+00
2.329944658357297982e+01 1.219951271139412263e+00
2.347701652646935244e+01 9.220415910085720812e-01
2.357117198879403830e+01 8.641831867832878711e-01
2.362102310776178626e+01 8.537371813552737665e-01
2.365280074852552517e+01 7.595114929776574098e-01
2.368306282997912859e+01 7.274599465183112512e-01
2.378388114826886124e+01 6.316415937513231160e-01
2.381576949238756313e+01 5.080426636641771632e-01
2.398380289599997184e+01 3.766931481736108811e-01
2.401888324212418979e+01 3.575532963239362316e-01
2.404796142607267129e+01 2.035765784929371436e-01
2.412277000509633851e+01 6.951649436891377265e-02
2.412310665394062781e+01 1.784121405883229983e-01
2.414006944466410332e+01 1.279441948425960041e-01
2.421104010833132847e+01 5.963004108700196981e-02
2.434613615248612106e+01 -1.311033694411966599e-01
2.437450448357021315e+01 -2.041187539397634754e-01
2.445000734817782728e+01 -1.967537973549240427e-01
2.449073070913951966e+01 -1.806223705387727807e-01
2.453319139517569170e+01 -2.289146530274583646e-01
2.459287977752526899e+01 -2.642957203443736525e-01
2.473166477863232160e+01 -3.021810046007255002e-01
2.474758968026840122e+01 -2.162584313696900018e-01
2.478874179398317068e+01 -2.810395126148268474e-01
2.502608258906911942e+01 -1.875965993417201549e-01
2.577165914361489030e+01 -1.106239539201804567e-02
2.592006580131939231e+01 -5.159268878201746233e-02
2.618648983507044647e+01 -2.113034160402487149e-01
2.627124753444389782e+01 -2.030616932902805649e-01
2.629186197791683099e+01 -2.922152743948518983e-01
2.642277223202867020e+01 -4.788223143987325736e-01
2.647029246775114331e+01 -4.863882057702491046e-01
2.666083460613236511e+01 -6.843905668245811036e-01
2.675425867448536366e+01 -8.370353858608021724e-01
2.689455175130819242e+01 -9.323494053601725229e-01
2.699953082129998805e+01 -1.160766166812652322e+00
2.712681457661665263e+01 -1.238812860233313717e+00
2.720375352680445147e+01 -1.268562399631193882e+00
2.727395899768125886e+01 -1.332192273357057477e+00
2.735826009751363230e+01 -1.406355577457464534e+00
2.754101801614614686e+01 -1.604210230763546186e+00
2.767052788608956959e+01 -1.453248448062059550e+00
2.775922564214862120e+01 -1.517765822894818983e+00
2.792376360948983915e+01 -1.365715935287764804e+00
2.803868079202358388e+01 -1.303008480930027524e+00
2.804430355739745551e+01 -1.320156457136801631e+00
2.819670028571671239e+01 -1.008703090823961368e+00
2.824032556229872881e+01 -1.041210293756102079e+00
2.842218061764737413e+01 -7.800093045003199110e-01
2.845091124184626707e+01 -7.624482445802689412e-01
2.847371815064886391e+01 -7.908879878285478560e-01
2.848830481328349506e+01 -7.650118864499808602e-01
2.865357173353324427e+01 -5.087201382526991278e-01
2.866760025601604411e+01 -4.455272850846107024e-01
2.885212589683292350e+01 -2.804287950399588780e-01
2.891967474344856370e+01 -2.113173191491827252e-01
2.893475275281343073e+01 -2.549918592899321768e-01
2.896616426752712670e+01 -1.561807292814730297e-01
2.906880844158096266e+01 -6.769705804794209913e-02
2.910362337439786984e+01 1.407257995179220927e-02
2.910363465444603293e+01 7.200411704633208343e-02
2.910655487610739200e+01 -6.682039861312538687e-02
2.914342728907959312e+01 3.899962925640548111e-02
2.929925057140788525e+01 8.204747871689703487e-02
2.943562359062853417e+01 5.436995855004513045e-02
2.944471230592802158e+01 5.986292891953150230e-02
2.947686738257089445e+01 6.651457156034822071e-02
2.957055332400680925e+01 5.005176821152100552e-02
2.962755040008535445e+01 2.857088462459864836e-02
2.971847375041042483e+01 5.231787899146578269e-03
3.024596267563893903e+01 -1.359989365223921165e-01
3.059996246134377884e+01 -1.216158151964720768e-01
3.061725641641941564e+01 -6.854907045264016507e-02
3.062067631534427647e+01 -2.082085273376987899e-01
3.064271888089765739e+01 -1.549581615611185514e-01
3.078324785475959757e+01 5.651881633425479001e-02
3.079990170396837001e+01 1.578896886438589664e-02
3.083718237758269609e+01 -1.061615515077140443e-02
3.093434649508730416e+01 -2.606787674307896319e-02
3.099608732044466564e+01 1.650126040658451976e-01
3.111457122394867270e+01 3.376626409106329718e-01
3.121253254029534574e+01 3.777089069254820353e-01
3.152027764935869669e+01 7.587255392123082309e-01
3.173915376558219492e+01 1.025536587422882784e+00
3.187813928661033103e+01 1.269670319142440995e+00
3.188492244414201693e+01 1.298737534441186003e+00
3.225973428040386182e+01 1.488151616293889035e+00
3.261714214244685195e+01 1.442363176155734505e+00
3.266084083674343219e+01 1.357686961056665753e+00
3.280262745910851407e+01 1.251599694782962402e+00
3.303905121124756050e+01 1.017159125216361426e+00
3.308057016067249378e+01 9.449488441493067992e-01
3.312853721577592125e+01 8.881259956452373094e-01
3.327223323754812156e+01 7.187273327749917895e-01
3.349612179334982187e+01 5.016723371583859947e-01
3.356836048204021949e+01 3.811945837564147954e-01
3.361631363044631371e+01 3.413558551185331691e-01
3.378567021083790678e+01 1.441994388353741996e-01
3.387346327607093599e+01 1.910077679301665499e-01
3.390104405361557127e+01 1.523199760971308825e-01
3.394652492662746113e+01 2.251006458254075637e-01
3.425879146303466882e+01 5.668710817361182625e-02
3.435820361661264855e+01 4.819350975389759956e-02
3.436983472352787317e+01 1.358142539529516579e-01
3.444823361716180443e+01 1.189991884161293034e-01
3.465627970422958981e+01 2.002614836499934381e-01
3.466084284005061988e+01 2.080032034875881897e-01
3.473419359498154080e+01 1.634373846547256814e-01
3.475816313629574950e+01 1.666798077704444436e-01
3.488519112715790271e+01 2.452384115656393027e-01
3.500069991431647765e+01 3.380951562327570437e-01
3.538341206391951488e+01 2.466251381158217348e-01
3.546547038896735415e+01 1.836653325370249945e-01
3.552843783764535601e+01 8.783719957795593780e-02
3.553576241403868607e+01 1.563836881162607995e-01
3.554454501539746758e+01 2.343857876029123433e-01
3.561688390396599146e+01 3.837249012362678457e-02
3.570849355498069144e+01 -2.465958287433997129e-02
3.579423848402845465e+01 -8.899709853101686607e-02
3.587388534073079427e+01 -1.421976546066748281e-01
3.598395990182978466e+01 -4.054916432763714940e-01
3.602455423355694109e+01 -3.871685967281539575e-01
3.610010340345349533e+01 -5.057720758193305910e-01
3.628081341240915236e+01 -7.466928766242507676e-01
3.631941004074464985e+01 -8.908362692876458100e-01
3.647876960972028826e+01 -1.048870101841531399e+00
3.659429239470423312e+01 -1.131431392202100650e+00
3.662096200962457715e+01 -1.177834259068464728e+00
3.672042767934316032e+01 -1.312688636763327921e+00
3.682424530393215889e+01 -1.395255478690026418e+00
3.686071088067519952e+01 -1.402603272006300639e+00
3.692410606343950974e+01 -1.439721927988886430e+00
3.702143859464131026e+01 -1.474363707081462582e+00
3.704683585573964422e+01 -1.457146292015394584e+00
3.711257115816911778e+01 -1.523661728441745078e+00
3.715014608456339573e+01 -1.315579727142947242e+00
3.719286491220626800e+01 -1.458631051351902963e+00
3.729294562142865033e+01 -1.396221932334851923e+00
3.742755192231145145e+01 -1.402179283214161964e+00
3.754441552242584379e+01 -1.233706470803763722e+00
3.756844878473400939e+01 -1.204193569150657117e+00
3.756987755420387742e+01 -1.182919651267189787e+00
3.764670611346352302e+01 -1.029227434618332770e+00
3.765577666890159492e+01 -1.154429669398708391e+00
3.776162833744209024e+01 -9.429370388366786759e-01
3.785102202994903564e+01 -9.701536533325469946e-01
3.789270210846314058e+01 -9.014029467402674412e-01
3.795126439235744442e+01 -8.935858664213245373e-01
3.816541313665061352e+01 -6.354887716377883855e-01
3.822550456083229875e+01 -5.790163811158676177e-01
3.824239970771012054e+01 -5.010026530676511269e-01
3.834011733599152194e+01 -4.136527019159092489e-01
3.848930827472045735e+01 -3.523870920890412872e-01
3.856240589635176974e+01 -3.780137005066319666e-01
3.856828529092832980e+01 -2.822203318093115532e-01
3.876527896772423532e+01 -2.500613379891005184e-01
3.881165462100833707e+01 -2.849243805300081811e-01
3.890693319248871518e+01 -1.239073855097426596e-01
3.905324859073090238e+01 -3.352579788543144090e-01
3.914536867242990326e+01 -2.935563753065250081e-01
3.926974512009442719e+01 -3.782065052886618983e-01
3.941259882110465185e+01 -4.320989185390066711e-01
3.943911510373187923e+01 -3.872519199944449708e-01
3.945448218142242069e+01 -4.540292233302728464e-01
3.963318974628619884e+01 -3.773742895257921615e-01
3.978579960134501903e+01 -4.313156619449249884e-01
3.985071680361181023e+01 -4.409480201737644989e-01
3.997822309914450756e+01 -4.266658535480555292e-01
4.001545358715229384e+01 -4.082127706672595280e-01
4.012247774810726497e+01 -4.262892057257422485e-01
4.038205190559601476e+01 -1.016824330374201252e-01
4.045202478624051423e+01 -1.429635593808066540e-01
4.050422407357756782e+01 -1.382460713827610155e-03
4.054627014325413370e+01 -3.233496999217787965e-02
4.056999635480205058e+01 -5.152593778978140082e-02
4.070608291746468410e+01 2.786793230615627337e-01
4.075925219939673383e+01 2.524979271364720668e-01
4.076416080042078960e+01 4.269279954198443860e-01
4.090569732170846606e+01 5.616780890388182179e-01
4.114404175354340509e+01 8.933811037078526196e-01
4.115554427657740177e+01 9.003574738490000007e-01
4.130175390438305527e+01 1.012386894698270146e+00
4.158552327213709532e+01 1.330960401732587117e+00
4.161007303877036634e+01 1.325133350521406461e+00
4.163596420931376940e+01 1.367146245562917084e+00
4.169493212499848767e+01 1.406228047419931571e+00
4.173887715171628088e+01 1.360881728439786498e+00
4.175891553125516964e+01 1.364704907205599671e+00
4.181483142723843827e+01 1.308354493544185093e+00
4.205626141414300179e+01 1.286403428904182578e+00
4.212705469126443347e+01 1.343173925016571513e+00
4.216483070155309321e+01 1.322693843491224097e+00
4.219890953336617656e+01 1.278487480845402091e+00
4.271703598491729537e+01 7.662533196985552575e-01
4.273934573631365197e+01 7.760147844462029765e-01
4.298627264105930124e+01 5.935680126043407778e-01
4.298863883710571798e+01 4.956699359525972293e-01
4.305680740197866641e+01 4.848226971050031420e-01
4.321016831950667836e+01 3.602235235268269609e-01
4.323289643102909707e+01 4.627243907932170330e-01
4.335582651018587086e+01 3.577827249791695752e-01
4.336848316011275983e+01 3.828039584876062884e-01
4.378028766983796061e+01 3.809306457132324297e-01
4.392913154958838362e+01 4.662020925596584986e-01
4.394357087265689188e+01 4.582498156868173855e-01
4.399531606695796881e+01 4.214195711526025345e-01
4.414574407985806204e+01 5.683437368291800462e-01
4.427451305071193133e+01 6.491417949244134844e-01
4.442822228816809371e+01 7.016573323863335432e-01
4.471387724239416173e+01 6.102189184338293604e-01
4.475838806889402832e+01 5.822110990113720241e-01
4.489449442001433965e+01 5.469937033711415042e-01
4.500419735192922133e+01 5.266102232477660738e-01
4.520464042805041061e+01 2.056079605513262409e-01
4.531601388840888234e+01 1.327228947405156012e-01
4.545936082804114875e+01 -9.308492239882951158e-02
4.560156471820745594e+01 -2.877016045970035574e-01
4.561660678247203293e+01 -3.537428514163597493e-01
4.564153410911331576e+01 -3.956768669363637803e-01
4.577366518531044193e+01 -4.854394240115994519e-01
4.580634323285313059e+01 -6.472428692747839163e-01
4.589254834511645953e+01 -7.557075457362804061e-01
4.593095275391486609e+01 -8.198913319244520714e-01
4.603995482277895235e+01 -9.350283716039506920e-01
4.622299309303835457e+01 -1.179220865498725512e+00
4.642320751554863989e+01 -1.230879280216206961e+00
4.642693771036627481e+01 -1.305444985458765528e+00
4.653543057007184558e+01 -1.256379903918911634e+00
4.664378638485120376e+01 -1.278551902983000810e+00
4.673550935679752172e+01 -1.294537373969878447e+00
4.673610361090416632e+01 -1.315393216446797409e+00
4.679597144877268988e+01 -1.391757872234137494e+00
4.682627625115316761e+01 -1.276207754478099865e+00
4.700735314258191977e+01 -1.188493303237545984e+00
4.703884227586478772e+01 -1.136536924271741356e+00
4.705341176598854247e+01 -1.143764340709052085e+00
4.711590451557792392e+01 -1.092111445119273050e+00
4.733264701586843159e+01 -8.654957220524313044e-01
4.757432194689607030e+01 -7.237965182719783286e-01
4.786569432681501013e+01 -5.341711102455718452e-01
4.787863448775455311e+01 -5.184953038755069077e-01
4.798129080562454618e+01 -3.826961757503359873e-01
4.850954581913071451e+01 -4.873807623543850998e-01
4.851641829839220321e+01 -4.781290050786000667e-01
4.853437296074773144e+01 -4.638879926311935131e-01
4.860487027789092451e+01 -5.265978090123842881e-01
4.869396796987906129e+01 -6.464616288952510503e-01
4.872309234039048675e+01 -6.852652499894009708e-01
4.887801668420435419e+01 -7.657370990828326063e-01
4.887831226706224186e+01 -8.124209884546961247e-01
4.892143216162957486e+01 -7.709907085534050131e-01
4.892685248763999084e+01 -6.874581648644506604e-01
4.894864553837725651e+01 -7.827204030462356910e-01
4.895637825448234537e+01 -7.449542690812086532e-01
4.941089287143826425e+01 -8.653578508424726312e-01
4.956967995774290614e+01 -7.984244830866995546e-01
4.958247095258082737e+01 -7.266167563640245630e-01
4.960915322981244202e+01 -7.758040269984748383e-01
4.966754160281380592e+01 -7.735023591141924060e-01
4.967203243223637088e+01 -7.377549029038287243e-01
4.990571397515735441e+01 -4.933142344300417426e-01
5.024121106711984197e+01 -5.439241561737868935e-02
5.030013216227924033e+01 9.629987037298476382e-02
5.039168177795663439e+01 2.656031931445329008e-01
5.043842961603108677e+01 3.326769305667800491e-01
5.053917519835641059e+01 4.534222191424306381e-01
5.054731733597024146e+01 4.636348053667821989e-01
5.061232302149061013e+01 6.405449444617383747e-01
5.068807267168907771e+01 8.167858327336353641e-01
5.098930287580988363e+01 1.093586097722229811e+00
5.101911841671450532e+01 1.107504666157628437e+00
5.114346547118245923e+01 1.145483262445178285e+00
5.121496760960011585e+01 1.243649005180421208e+00
5.126699584193556092e+01 1.183116393151706802e+00
5.132089194146895039e+01 1.152671623301859460e+00
5.148405604844423777e+01 1.137802511188876764e+00
5.173662828347372766e+01 1.065502824957245354e+00
5.175595396375177870e+01 1.006788658548005921e+00
5.183592557921400612e+01 1.019875590285034717e+00
5.188874896938955317e+01 9.967161833983295693e-01
5.224244336465586969e+01 7.076226538934874410e-01
5.228167895544147825e+01 7.011654874656807479e-01
5.230196672362633592e+01 5.911012121501524330e-01
5.236445932646023493e+01 6.586961719746359245e-01
5.267028144858295491e+01 4.550406369783633331e-01
5.276557092618732980e+01 4.760883847566163007e-01
5.281811986778522083e+01 4.698647791334411017e-01
5.301496284785396540e+01 5.868963647697267305e-01
5.302231216596566554e+01 4.247791461224701970e-01
5.305336080305524149e+01 5.344813094003314502e-01
5.311727442682465750e+01 5.836514721236263359e-01
5.322412803968232708e+01 5.547200738604534109e-01
5.333285236700525900e+01 6.294768641479666638e-01
5.335203328661874167e+01 7.206301856589250043e-01
5.336977487399438758e+01 7.003237051934693147e-01
5.339216750888296303e+01 6.002533505842593264e-01
5.354352276843370362e+01 8.447995505206133959e-01
5.358142101156884252e+01 8.952642796251684132e-01
5.359890630760590824e+01 8.994012934827758654e-01
5.366710337649656282e+01 8.974658658721232918e-01
5.385897697034123155e+01 9.887495886336542528e-01
5.398644455608125980e+01 1.143171076254704932e+00
5.401028751392789218e+01 9.564070571375491436e-01
5.417755310734426644e+01 1.054652059556182131e+00
5.422143760833051118e+01 9.898137696372721894e-01
5.426759601779080100e+01 9.517474062600129736e-01
5.434216369487258902e+01 8.794373895463378776e-01
5.441124235943179599e+01 8.470929230723376335e-01
5.447674513029795662e+01 7.966443312989222036e-01
5.448900827433088523e+01 7.633981364695981986e-01
5.449312653632983938e+01 7.824235702186688179e-01
5.466829268641667738e+01 5.894580913538902678e-01
5.474108894603886455e+01 4.607408381409580089e-01
5.480349303223237456e+01 4.460695905819074825e-01
5.491184808413318308e+01 1.653232085667423468e-01
5.510634999173081638e+01 -1.067293058811756568e-02
5.537124769045053085e+01 -5.851101030732255293e-01
5.566603090001139975e+01 -8.854144346375818486e-01
5.566938522104827314e+01 -8.218078084129666339e-01
5.595910053168676512e+01 -1.077720011403731082e+00
5.603881215885109413e+01 -1.102414851578113808e+00
5.605468226167162982e+01 -1.021840910369079758e+00
5.620070924602887885e+01 -9.873682516656177022e-01
5.622020021038714077e+01 -1.052010959191213235e+00
5.625307280932765508e+01 -9.612467138094542562e-01
5.625592640622970464e+01 -1.067706284551516616e+00
5.628120279031006845e+01 -1.018164647117786981e+00
5.629291874596442824e+01 -1.163761716661171564e+00
5.635518409893504099e+01 -9.632401907035991195e-01
5.651375283168730590e+01 -9.465573139188367957e-01
5.656775442248174102e+01 -8.844427128000272864e-01
5.682816143111555363e+01 -7.506362680471070359e-01
5.684968444946817101e+01 -6.131183552490908628e-01
5.689243995977327017e+01 -6.551512667894432429e-01
5.700956497082720631e+01 -6.737335255267538070e-01
5.703043707035465815e+01 -6.436752407305957879e-01
5.720893410951192948e+01 -4.987349170631498185e-01
5.722716239959824236e+01 -5.474307684709563970e-01
5.727261018432374584e+01 -4.428306907458988695e-01
5.734598107872511719e+01 -4.410126112260657205e-01
5.736255589485210749e+01 -5.523547012447858062e-01
5.741996857966969969e+01 -4.918684185213026971e-01
5.753970285292633235e+01 -4.571805574446212161e-01
5.780320048231366314e+01 -6.023957779787418865e-01
5.787465245823426585e+01 -6.595715705009432828e-01
5.819837223771978785e+01 -7.929367576871019230e-01
5.833595801441411055e+01 -9.549403960299788219e-01
5.849368921759344886e+01 -1.123474239953806908e+00
5.850377658306218365e+01 -1.107760061408540997e+00
5.868707370004737811e+01 -1.226140442011595999e+00
5.891115003020716046e+01 -1.165282305946530927e+00
5.899267484123770089e+01 -1.084334439674484063e+00
5.912231349781981038e+01 -1.006485591211210062e+00
5.921811514834897139e+01 -7.915973602122463593e-01
5.931430151471421652e+01 -7.571461839889147560e-01
5.937576785959223002e+01 -7.071940637920813844e-01
5.943798020249386838e+01 -7.176869142802586587e-01
5.971984144839519359e+01 -2.511801193741210469e-01
5.972920583453189636e+01 -2.119060205040474709e-01
5.976403367286321355e+01 -2.241245922962206150e-01
5.989804621780423588e+01 -1.413532334765119081e-02
6.002538027941303511e+01 1.546078222536067248e-01
6.018171015676737312e+01 4.160456517789438147e-01
6.023471248151173540e+01 5.305962132318767788e-01
6.028265169064685836e+01 5.635812598686098518e-01
6.030786260097539042e+01 5.162924120589342802e-01
6.039682054197912464e+01 7.133185850885760404e-01
6.044988087497028317e+01 6.740011629124900150e-01
6.074800241262611422e+01 9.263507392974218435e-01
6.084025629097354937e+01 9.411450579218756385e-01
6.093442746656108966e+01 1.002443328600963524e+00
6.105003230220310684e+01 8.587132107365780254e-01
6.108261368245467793e+01 8.264682491346264648e-01
6.114735220012597239e+01 8.591123680091967696e-01
6.134764681405030728e+01 7.800137659870346463e-01
6.135578445846605433e+01 7.495341597070327433e-01
6.159309412327588973e+01 6.540005181363580666e-01
6.165213566059658490e+01 5.580746921361536828e-01
6.172143264300697041e+01 4.680225679744002276e-01
6.173086399393091028e+01 6.203439687357168442e-01
6.184889916747151517e+01 5.188536907624864414e-01
6.198992578574240753e+01 5.519469228092435120e-01
6.243226155749086104e+01 5.734426717336391643e-01
6.264601105008795656e+01 7.652948547271561930e-01
6.271998831453339562e+01 7.794409574129117502e-01
6.278451344940093293e+01 8.311442819867772558e-01
6.291976743971387265e+01 1.028592177168307531e+00
6.298225385646413343e+01 1.066499702429231977e+00
6.304248531491596452e+01 1.014086467626641230e+00
6.308941418326994466e+01 1.130174705026865567e+00
6.322179170865813802e+01 1.162190011487149066e+00
6.325650093742639513e+01 1.219228651935699625e+00
6.335508058714649593e+01 1.244433427363041966e+00
6.343270143508981107e+01 1.204812238289157733e+00
6.345126882400337109e+01 1.234359297149848711e+00
6.356720723253565808e+01 1.256090936473830633e+00
6.366169524640364585e+01 1.208523523718254777e+00
6.374924887595517475e+01 1.212927439562346832e+00
6.385565174271514621e+01 1.229686182903563019e+00
6.390963921414779492e+01 1.093723283297939552e+00
6.405863777542887760e+01 9.604608438966332207e-01
6.408330914104317344e+01 9.369580580203488163e-01
6.416600527793555386e+01 8.403785403179219182e-01
6.431998163786579426e+01 6.855278020205338718e-01
6.443221650547776846e+01 3.795662945123646770e-01
6.462455243321598175e+01 4.687112171933141558e-02
6.464048501790392720e+01 6.261049759051830199e-02
6.475257510126751015e+01 -1.027476604123190168e-01
6.478385989763503972e+01 -1.653327328429622378e-01
6.482918167241881235e+01 -2.143056785576665235e-01
6.505357851608088993e+01 -5.037236666455111589e-01
6.516598383820493723e+01 -6.914955780939463503e-01
6.524375534055731407e+01 -6.163273420802211078e-01
6.535871031999273839e+01 -7.760191257374495777e-01
6.543231231503051504e+01 -7.510762299121508390e-01
6.549339586095624099e+01 -6.452445755591464938e-01
6.562795136234527149e+01 -7.993918388402669883e-01
6.574176737236834356e+01 -7.951536544307098442e-01
6.602534699508437654e+01 -6.443132944223632919e-01
6.610980116589885824e+01 -5.024269618026805384e-01
6.612753329088324961e+01 -5.790911108470521151e-01
6.616527369373763179e+01 -6.294566387823951059e-01
6.622397674688869529e+01 -5.502908553724628060e-01
6.626578809535223513e+01 -4.797704962361272196e-01
6.646684762477001129e+01 -4.868149425399711516e-01
6.653651065634198858e+01 -4.631645771907726972e-01
6.691841645196325317e+01 -4.369217404798562132e-01
6.719725783074564163e+01 -5.838607039530033793e-01
6.722342992601349465e+01 -6.256544648949922127e-01
6.724643789133152438e+01 -6.354475839482786048e-01
6.728107147589126669e+01 -6.094618781196384782e-01
6.736600207196389078e+01 -7.054872991817104921e-01
6.737044312835749338e+01 -7.377987015481927147e-01
6.737376799368929881e+01 -7.656420443766638328e-01
6.760940102685762554e+01 -9.750808216773645398e-01
6.767609815988711830e+01 -1.061851504433458437e+00
6.769340389643360822e+01 -1.130748399602814480e+00
6.780328920296476269e+01 -1.075084535950941556e+00
6.789630589106879199e+01 -1.168315862301559260e+00
6.806424221490729565e+01 -1.332384820950481830e+00
6.806718088848587911e+01 -1.425866919899613450e+00
6.810640372777048412e+01 -1.379232810435703449e+00
6.815988063032216360e+01 -1.359184796325325184e+00
6.820724225936865537e+01 -1.364681068000139330e+00
6.835957079374675516e+01 -1.402667602703479677e+00
6.836010759087433541e+01 -1.325275434347331194e+00
6.837576385812309354e+01 -1.275903790650530389e+00
6.840847280418857679e+01 -1.420557034718571865e+00
6.846498259511102447e+01 -1.375263553073525102e+00
6.852094344802316073e+01 -1.369549179990370957e+00
6.854744203710390593e+01 -1.362530117235365656e+00
6.866138846199160639e+01 -1.158304707178420712e+00
6.881047513338013744e+01 -1.061380084294326398e+00
6.888043381192764514e+01 -9.197756257668840973e-01
6.911639521846598200e+01 -6.176712800097851064e-01
6.914733731007164863e+01 -5.062275523678617661e-01
6.917354815627339804e+01 -5.756500477598426313e-01
6.919071403611025062e+01 -3.600926518064407333e-01
6.920881527705972758e+01 -4.954973136400643297e-01
6.926564531142477676e+01 -3.909905693013329686e-01
6.942060222542222903e+01 -1.763118641012128007e-01
6.949814892860548809e+01 -1.014784737232691386e-02
6.967907954450454611e+01 1.843237807543542939e-01
7.025413294148478371e+01 6.003327908100870580e-01
7.028863458039498369e+01 5.773358009844491434e-01
7.039860845668674472e+01 5.687968629231230366e-01
7.062463525812091802e+01 4.882676737321048899e-01
7.085340473683406515e+01 4.219252988485531208e-01
7.087841190472215658e+01 4.421336616703243072e-01
7.089539735186902192e+01 4.901699415964452244e-01
7.105778134610366692e+01 3.639263130965429416e-01
7.110228639058908584e+01 4.158133933884062827e-01
7.113188572804729404e+01 3.318812390919474442e-01
7.122692365868832098e+01 2.387626649306059945e-01
7.138545266102076425e+01 2.578174827696660953e-01
7.145928355939520316e+01 3.105173795815504012e-01
7.146202072583824361e+01 2.134841958128650408e-01
7.153221508097598758e+01 4.011698564134995038e-01
7.172139936535782567e+01 4.718220407863633614e-01
7.195114801833258866e+01 6.069642919679807402e-01
7.195474858415745700e+01 6.097163925132380591e-01
7.200572159637148673e+01 5.740470719657516652e-01
7.203412510084930886e+01 6.810731948085354537e-01
7.203576858338558964e+01 6.491083854229120487e-01
7.209167425920018957e+01 6.854484186739301377e-01
7.216676198003206366e+01 7.294153498427243809e-01
7.227507536211986405e+01 8.881623909796754202e-01
7.242668530455884479e+01 1.090007268139535634e+00
7.254849692782808290e+01 1.115471364964815137e+00
7.268782104325465809e+01 1.303736864928636274e+00
7.275418953275412548e+01 1.355521812700893225e+00
7.290024515479598222e+01 1.356794692556364756e+00
7.300336362528399548e+01 1.311515586771125896e+00
7.304020698907166320e+01 1.411258513577733575e+00
7.304438119603705104e+01 1.462117465306901121e+00
7.323469718366800407e+01 1.338140520287986357e+00
7.349094054479408555e+01 1.168920454955061361e+00
7.352219341376630268e+01 1.157992888438011736e+00
7.357562752683467977e+01 1.112326336810313343e+00
7.383374418337326972e+01 7.673916209781721509e-01
7.392346132356226462e+01 6.159285694331745331e-01
7.408687875301295378e+01 3.251277880441399426e-01
7.430895006118761614e+01 4.984253632280143120e-02
7.432284079028457313e+01 6.710425038599250602e-02
7.447218799420059554e+01 -1.491943416021522806e-01
7.455541695261231894e+01 -1.253212937057855969e-01
7.463834982995030032e+01 -2.679068496466353033e-01
7.474360251990724180e+01 -3.571220929490164231e-01
7.479549752708032884e+01 -3.323283263544545840e-01
7.480293694187636788e+01 -2.593323268080832689e-01
7.490347345720400085e+01 -3.930978657825396350e-01
7.507993165441901340e+01 -4.077733666099266907e-01
7.510040633227013984e+01 -4.983190027387167653e-01
7.512640812202145923e+01 -4.304512111185499479e-01
7.518506585319462943e+01 -4.343948213689594051e-01
7.531086942104022341e+01 -3.751500468981258662e-01
7.535608149500539810e+01 -4.212808689713569699e-01
7.560512505877503031e+01 -1.836438643986633701e-01
7.577982592946244722e+01 -1.775159141132452434e-01
7.610617207317355337e+01 -1.229101158373635400e-01
7.612591888170328502e+01 -1.523798958025856243e-01
7.615743226828971046e+01 -2.208125414691047006e-01
7.616112909992057212e+01 -9.793342386623318796e-02
7.635269299438716928e+01 -2.797993954119866178e-01
7.660998632147382637e+01 -5.249647895688533961e-01
7.662750822970319575e+01 -6.129966560186612679e-01
7.665904183141701367e+01 -4.698678603877677329e-01
7.674928852401777135e+01 -6.233201372777581462e-01
7.680887882445078674e+01 -6.234365522449162311e-01
7.688575356295176277e+01 -8.800540975610952055e-01
7.689149646441416053e+01 -7.390643432924266509e-01
7.705084160184146924e+01 -9.537758073215685251e-01
7.710928851797328321e+01 -1.044847526875128940e+00
7.727277089552032407e+01 -1.147198931594576976e+00
7.742896038172729334e+01 -1.399034970854884818e+00
7.743121886556335198e+01 -1.332030638471247697e+00
7.771431507315278964e+01 -1.450200977946573655e+00
7.774133935929205563e+01 -1.509967909694295285e+00
7.776600036665057303e+01 -1.561985939786556088e+00
7.780298064813203496e+01 -1.554971809995350895e+00
7.807210457114572932e+01 -1.416276077758068741e+00
7.807998868958702587e+01 -1.412119440287887162e+00
7.813159327390228270e+01 -1.309732143406549199e+00
7.821790695436551744e+01 -1.280396704614649384e+00
7.829533231447662445e+01 -1.123037354706650337e+00
7.858468727261957554e+01 -8.305466327307114982e-01
7.863580004367415199e+01 -7.662464387591017001e-01
7.872011420903810119e+01 -6.677193816839912532e-01
7.888104346311993709e+01 -3.952062475885888548e-01
7.902432584155808115e+01 -2.167196716345089758e-01
7.907274005133984929e+01 -2.012341415919913779e-01
7.930430963521318688e+01 3.345081018515393134e-02
7.936103740113131266e+01 1.917832575160458020e-01
7.984190740703076017e+01 2.556004097561820898e-01
7.984446597124509992e+01 2.631425957572933183e-01
7.996374967087061236e+01 3.188251088797591226e-01
7.998290719616879585e+01 2.822086301191103486e-01
8.011889275789299347e+01 1.877659722833795730e-01
8.013100138440583464e+01 2.326913854964533512e-01
8.015540595464325691e+01 2.130551864340695933e-01
8.025089332749631410e+01 3.241945543739664648e-02
8.033523060707780417e+01 1.543444910370674050e-01
8.040906544145376245e+01 -1.066384316100842111e-02
8.044887350246652602e+01 1.688595080919609859e-01
8.053324049729286571e+01 8.995996671261045907e-03
8.061306319565746037e+01 -1.122828141368849980e-03
8.063818209937011261e+01 -2.194975549152475280e-02
8.064642877969235712e+01 1.571585271220349994e-02
8.066307747995880106e+01 7.220467561059914184e-03
8.080338832622319956e+01 -5.307134776996325076e-02
8.082909774374998335e+01 8.822411306981070567e-02
8.086293773455726352e+01 3.741487465165323212e-02
8.122076892090409217e+01 2.087013789440456679e-01
8.129719253055014860e+01 2.874521852590055104e-01
8.135476104571284850e+01 3.859585502060280393e-01
8.160465261393254366e+01 6.743982654931558463e-01
8.163307794460007472e+01 6.729241401820937885e-01
8.168195728882085405e+01 7.626869598311374343e-01
8.174816454851125513e+01 8.894828773636184183e-01
8.176373242707610700e+01 8.907649264507652154e-01
8.179785455857003740e+01 9.384641493160466030e-01
8.184487996043414171e+01 9.866553655357889197e-01
8.184875091777892919e+01 9.560513047277895415e-01
8.203412239248410742e+01 1.096547465642338404e+00
8.203429552531952140e+01 1.181909688345681442e+00
8.206335463801364938e+01 1.368464189545008480e+00
8.217334529058121007e+01 1.350944419325935675e+00
8.224908727441948031e+01 1.393323314280473735e+00
8.227120226741494946e+01 1.466490522936274132e+00
8.231429578346201481e+01 1.374565157538394589e+00
8.239192154856114314e+01 1.476672752854351955e+00
8.248827994078527581e+01 1.444997974488771098e+00
8.249439826095374428e+01 1.364065590263184191e+00
8.280885575170147206e+01 1.470461394767352159e+00
8.281893407253373596e+01 1.399054304557396655e+00
8.284342505661503253e+01 1.359722699733514117e+00
8.284690984737753183e+01 1.434571827635537922e+00
8.290145469724720328e+01 1.385402445306938901e+00
8.290775392942184396e+01 1.301105278620615202e+00
8.314831801990206372e+01 1.121993713512645874e+00
8.346934085832000960e+01 7.179036509825462709e-01
8.349607906088209575e+01 7.815767209382011860e-01
8.368978368477033314e+01 3.465823251307826869e-01
8.379923452002300621e+01 1.961545738646234271e-01
8.382660216710185352e+01 2.383296362299600069e-01
8.383132479613456667e+01 2.291441747351689040e-01
8.384094345319851982e+01 2.632728537421549775e-01
8.394103598816572287e+01 1.208742197453262640e-01
8.408761092188579767e+01 3.931850809923654461e-02
8.421054997154713817e+01 4.970619295311920482e-02
8.442855016664103118e+01 -7.159029618688864116e-02
8.449796469536590848e+01 -5.994241840301117730e-02
8.451233456181775239e+01 -3.793860053496718454e-02
8.454496012541768835e+01 -1.424403383759487718e-01
8.460436202500476099e+01 -1.047562206924931572e-01
8.479070029548083198e+01 4.738526877696579848e-02
8.481162477607827554e+01 -7.001792892927620471e-02
8.506078640705123917e+01 7.158070233044661057e-02
8.516276977810559856e+01 1.701063014701296172e-01
8.524435758580314371e+01 9.068374176158039424e-02
8.540086389202225803e+01 1.004998401855998480e-01
8.540670020034177412e+01 1.218402892016419714e-01
8.543807659789798947e+01 1.939857631364786394e-01
8.545790901365835168e+01 1.558243202627362378e-01
8.570327363552283373e+01 8.610529893736602880e-02
8.573943945238181641e+01 9.618687840380800436e-02
8.582993260555575432e+01 -6.805866767729365496e-02
8.587064923583105269e+01 7.716900328683863608e-02
8.597321743917653691e+01 -1.156354937658336801e-01
8.605943942347221309e+01 -2.325156036441588248e-01
8.611283948356985718e+01 -2.961151162247452340e-01
8.613998326123596883e+01 -2.895793253002114653e-01
8.615706279360230724e+01 -3.584625630998299894e-01
8.637324955708541552e+01 -6.760711960235823437e-01
8.647348303473870601e+01 -7.045493685607568946e-01
8.666013571493763834e+01 -1.015986109707948337e+00
8.681400083217738484e+01 -1.226831379276450473e+00
8.684233714002590432e+01 -1.173648166400159454e+00
8.685023544286156039e+01 -1.268686688647771454e+00
8.699560210900743584e+01 -1.442810256062436514e+00
8.730137041784308849e+01 -1.465468550317245322e+00
8.739871242000090490e+01 -1.486771121747525903e+00
8.741363866626127788e+01 -1.507578678838330744e+00
8.755669753113696174e+01 -1.426551878766629589e+00
8.765723759172813345e+01 -1.387178150238833618e+00
8.803240610937312738e+01 -9.719315128519051550e-01
8.826661667106050402e+01 -6.799569047103364294e-01
8.836408079672676763e+01 -6.158922873897382244e-01
8.837764383418598868e+01 -6.218830568521254154e-01
8.842657654824566293e+01 -5.189886061807300610e-01
8.852506604033926862e+01 -3.486610605179479294e-01
8.857784625472162077e+01 -3.441590500914137318e-01
8.860124766153137443e+01 -3.754081110024786172e-01
8.865652143961419540e+01 -2.654145906856096304e-01
8.890286229329008449e+01 -1.516955346118618875e-01
8.923956557556124380e+01 -1.733208154929190281e-01
8.935373093000914935e+01 -1.728453094131328083e-01
8.936324441190514278e+01 -9.420826762166911728e-02
8.949615842703660462e+01 -1.468458940596921447e-01
8.951084091949250876e+01 -1.553125549132158834e-01
8.955632558763770135e+01 -1.765418955173710391e-01
8.965534161345816244e+01 -2.427127133457012698e-01
8.971305067989486304e+01 -2.616475647950591288e-01
8.972944013966717591e+01 -3.063280457853568284e-01
8.979068007287067132e+01 -3.489805601977560845e-01
8.981547075233457633e+01 -2.376388098491244438e-01
8.988716484676554330e+01 -2.520479112669054000e-01
8.989134397556243528e+01 -3.055702354238338803e-01
9.003902409281246833e+01 -3.662214475225279986e-01
9.019036653201881393e+01 -2.833536829713290128e-01
9.021517779084695121e+01 -3.306070616432570386e-01
9.022227961979173472e+01 -3.631715541197937935e-01
9.033127003113541775e+01 -3.394612705401258701e-01
9.037053534842527824e+01 -1.975669840360864682e-01
9.039918420771068952e+01 -1.767237459010431722e-01
9.045177633406441942e+01 -2.034804532674453770e-01
9.047489933591106137e+01 -3.112571865355828749e-01
9.058625149247997399e+01 -1.319399001206321698e-01
9.060653648476279898e+01 -1.211037076470074803e-01
9.065101560999183050e+01 2.661157475779825365e-02
9.072199597623402667e+01 3.389850011708727545e-02
9.085844124463311289e+01 1.506043927338358013e-01
9.089475515799858840e+01 2.471382183833314983e-01
9.125266566875346541e+01 7.612816433238793756e-01
9.133108401683426791e+01 9.058874329958002125e-01
9.169533783302797758e+01 1.275752304069897036e+00
9.175269715084712630e+01 1.330595645893990264e+00
9.183639917032824940e+01 1.396117950606740710e+00
9.187228811087864244e+01 1.453727858534978878e+00
9.191712689871405928e+01 1.470797621983998660e+00
9.192713528361016984e+01 1.442982918003514969e+00
9.200074293288582794e+01 1.495957503504542485e+00
9.210123885577947078e+01 1.450247678181082689e+00
9.211859186198255145e+01 1.328435474698827612e+00
9.227241507735352855e+01 1.431983858728437697e+00
9.248374813148426199e+01 1.267969856588398114e+00
9.258561210802812980e+01 1.090498218215827153e+00
9.275447439289496288e+01 1.062194337600361083e+00
9.279167656982671986e+01 9.204531771522227457e-01
9.295524671837056019e+01 7.948064851614582427e-01
9.295890995775515364e+01 7.789270484425590002e-01
9.309318929244400920e+01 6.810043073143018377e-01
9.313526345950879204e+01 5.504741033890023783e-01
9.320889927962235788e+01 5.552886053026560020e-01
9.327796892453949340e+01 4.798863804613413553e-01
9.354933718475794535e+01 3.335660641374670332e-01
9.358298961234419266e+01 3.006000866393965243e-01
9.361876803030776273e+01 2.318183510763055233e-01
9.365973810719239623e+01 2.475585129240948923e-01
9.371375438256569623e+01 2.379484707301462998e-01
9.379589613576749230e+01 2.604119258740896226e-01
9.380574440307051987e+01 1.958900766629815826e-01
9.392568059066320529e+01 3.219253327366028983e-01
9.396341629074068180e+01 2.446464483417527813e-01
9.400019064566386362e+01 2.561425875555146114e-01
9.430586112367940643e+01 4.208746440007272716e-01
9.433368172492582460e+01 4.656043409911660436e-01
9.442255643281399102e+01 3.996954535560405808e-01
9.459089857369711751e+01 5.624118501916963719e-01
9.464364476560552930e+01 4.155159488502536691e-01
9.525592631151225476e+01 3.242637221436993622e-01
9.543305663663448968e+01 1.598118176100522259e-01
9.543697783307860050e+01 1.200985395031603647e-01
9.558498872737996521e+01 -5.898137961479978097e-02
9.559315313990433083e+01 -8.328025161636368190e-02
9.560091406830073879e+01 -1.082271378335465106e-01
9.560102239796563595e+01 -1.271591582229739115e-02
9.561287386495838803e+01 -8.065865432216226538e-02
9.565865063234238619e+01 -2.356734748831877946e-01
9.580367808751620373e+01 -3.301567588479036308e-01
9.615255217028855839e+01 -8.835295694208942230e-01
9.633422192328393407e+01 -1.097191538283488699e+00
9.638522539625434149e+01 -1.162476248516765231e+00
9.643870801663317138e+01 -1.261531039443766655e+00
9.657385675589674179e+01 -1.225150040244745053e+00
9.664450909909653831e+01 -1.368207346489878296e+00
9.665684956811976747e+01 -1.238713173599584216e+00
9.671753538679153905e+01 -1.415228383254615530e+00
9.677421532978085850e+01 -1.315150651951299432e+00
9.696920806195959130e+01 -1.385623520490177008e+00
9.705124860649355867e+01 -1.337716534915025290e+00
9.717309611184630569e+01 -1.231699906465437033e+00
9.724028652443517728e+01 -1.250024398706421902e+00
9.732588011647585802e+01 -1.140204022068303402e+00
9.736289387719135391e+01 -1.167306269208601366e+00
9.748695080909179467e+01 -9.763246848988936799e-01
9.752866034425984765e+01 -1.059184754705527975e+00
9.776901991710377615e+01 -8.445491645262473979e-01
9.790464561553353917e+01 -6.091032249327661408e-01
9.791097243398657213e+01 -5.819444403186442294e-01
9.801696333474299649e+01 -5.550743898248226005e-01
9.805350620424054853e+01 -4.158307172108858807e-01
9.820865892829897348e+01 -3.026970061199152906e-01
9.831646265973103027e+01 -4.210311748168307777e-01
9.846281145877028962e+01 -4.159732178116608559e-01
9.861243954983181936e+01 -4.272632945768504165e-01
9.873534036502627487e+01 -3.368961519393031123e-01
9.878777059758722601e+01 -4.754151245700236617e-01
9.901937447877713794e+01 -5.293558229256632996e-01
9.921400385480160367e+01 -6.172465533826353434e-01
9.922311436837952670e+01 -6.260314493970048355e-01
9.937353510924738487e+01 -7.059032512023674100e-01
9.938435862077210459e+01 -6.855496450415620169e-01
9.959074128227950951e+01 -6.966610898013536612e-01
9.966020684088250903e+01 -6.892215783536430607e-01
9.974267085998475579e+01 -6.416734903352826480e-01
